-4.31638
-4.2091
-4.13494
-4.05329
-3.77746
-3.61417
-3.57193
-3.54123
-3.51768
-3.44067
-3.40065
-3.39274
-3.35418
-3.34843
-3.29591
-3.28278
-3.25229
-3.23776
-3.20664
-3.20664
-3.12162
-3.09075
-3.08929
-3.05413
-3.04316
-3.0348
-3.03282
-3.01893
-2.99023
-2.98112
-2.94176
-2.93284
-2.91382
-2.88612
-2.87003
-2.85986
-2.85324
-2.84548
-2.78882
-2.7859
-2.77074
-2.7574
-2.74938
-2.73097
-2.71852
-2.71336
-2.71083
-2.70726
-2.70647
-2.68861
-2.68358
-2.68101
-2.67009
-2.66924
-2.6676
-2.6563
-2.64954
-2.63952
-2.62436
-2.61663
-2.61619
-2.60955
-2.60749
-2.6059
-2.60551
-2.60311
-2.59882
-2.58598
-2.5814
-2.57398
-2.56449
-2.55634
-2.55106
-2.54326
-2.54061
-2.53914
-2.52966
-2.52703
-2.51468
-2.51434
-2.50218
-2.50124
-2.49131
-2.47295
-2.47133
-2.4669
-2.45664
-2.4548
-2.45384
-2.44942
-2.43901
-2.43819
-2.43148
-2.41911
-2.41083
-2.40625
-2.4002
-2.39654
-2.39441
-2.39036
-2.38779
-2.38589
-2.38566
-2.38535
-2.3787
-2.37791
-2.37322
-2.37322
-2.37164
-2.36618
-2.36485
-2.35837
-2.355
-2.35035
-2.34712
-2.34418
-2.33815
-2.33581
-2.33534
-2.33231
-2.32621
-2.32599
-2.31666
-2.30454
-2.30114
-2.29806
-2.29171
-2.27369
-2.27189
-2.26107
-2.26067
-2.25401
-2.25258
-2.24036
-2.237
-2.2207
-2.21672
-2.20917
-2.20467
-2.20235
-2.20114
-2.19977
-2.19968
-2.19792
-2.1948
-2.18893
-2.18698
-2.17677
-2.17318
-2.17137
-2.17117
-2.16989
-2.16769
-2.16295
-2.16192
-2.15624
-2.15475
-2.14935
-2.14678
-2.14477
-2.14192
-2.14014
-2.13764
-2.13654
-2.12983
-2.12962
-2.12884
-2.12718
-2.12433
-2.12231
-2.11785
-2.11754
-2.11364
-2.10876
-2.10709
-2.10564
-2.10432
-2.10407
-2.10191
-2.09866
-2.09587
-2.09351
-2.09338
-2.08628
-2.08333
-2.08099
-2.08033
-2.07529
-2.071
-2.0705
-2.06695
-2.05915
-2.05731
-2.05595
-2.05521
-2.05
-2.04556
-2.04541
-2.0448
-2.03335
-2.03291
-2.03274
-2.0313
-2.03119
-2.02585
-2.02277
-2.02104
-2.02045
-2.01919
-2.01684
-2.01222
-2.01135
-2.01109
-2.00888
-2.0072
-2.00652
-2.0042
-2.00389
-2.00346
-2.00208
-1.99979
-1.99827
-1.99822
-1.99753
-1.99735
-1.99733
-1.99686
-1.99637
-1.99451
-1.9925
-1.99159
-1.99155
-1.99145
-1.98869
-1.98548
-1.98485
-1.98457
-1.98013
-1.978
-1.97385
-1.97188
-1.97178
-1.97176
-1.97125
-1.97037
-1.969
-1.96667
-1.96319
-1.9623
-1.96041
-1.95568
-1.95508
-1.95453
-1.95354
-1.9511
-1.95042
-1.94987
-1.94791
-1.94445
-1.94423
-1.94416
-1.94352
-1.94346
-1.94344
-1.94124
-1.94068
-1.9402
-1.93954
-1.93804
-1.93802
-1.93788
-1.93673
-1.9343
-1.93014
-1.92554
-1.92312
-1.9219
-1.9218
-1.91952
-1.91458
-1.91419
-1.91303
-1.91221
-1.90935
-1.90834
-1.90541
-1.90532
-1.90315
-1.90265
-1.90255
-1.90227
-1.89848
-1.89659
-1.89035
-1.88772
-1.88684
-1.88634
-1.88572
-1.88524
-1.8835
-1.88332
-1.88229
-1.87948
-1.87901
-1.87839
-1.87667
-1.87603
-1.87267
-1.87249
-1.87117
-1.86964
-1.86655
-1.86506
-1.86472
-1.86395
-1.86367
-1.86035
-1.85704
-1.8563
-1.85468
-1.85414
-1.84816
-1.84694
-1.84676
-1.84601
-1.84455
-1.84328
-1.84265
-1.84212
-1.84209
-1.84132
-1.8411
-1.84035
-1.83903
-1.83887
-1.83696
-1.83477
-1.83338
-1.83216
-1.82878
-1.8272
-1.82677
-1.82163
-1.82072
-1.82027
-1.82016
-1.81942
-1.81845
-1.81617
-1.81542
-1.815
-1.81411
-1.81327
-1.81292
-1.81252
-1.81184
-1.81083
-1.81035
-1.80978
-1.80742
-1.80709
-1.8069
-1.80656
-1.80596
-1.80542
-1.8039
-1.80361
-1.80192
-1.80182
-1.7994
-1.79806
-1.79713
-1.7963
-1.7938
-1.7892
-1.78909
-1.7884
-1.78816
-1.78794
-1.78762
-1.78458
-1.78338
-1.78279
-1.78255
-1.77958
-1.77798
-1.77713
-1.77658
-1.77652
-1.77623
-1.77235
-1.77202
-1.77073
-1.77025
-1.76952
-1.76943
-1.76873
-1.76738
-1.76715
-1.767
-1.76386
-1.76044
-1.76023
-1.75839
-1.75725
-1.75421
-1.7533
-1.7529
-1.75269
-1.75252
-1.7516
-1.75137
-1.75112
-1.75094
-1.74949
-1.74794
-1.74789
-1.7453
-1.74522
-1.74476
-1.74379
-1.74368
-1.7432
-1.74174
-1.74169
-1.74016
-1.73646
-1.73583
-1.73397
-1.73223
-1.73209
-1.7314
-1.72793
-1.72656
-1.72605
-1.72471
-1.72394
-1.72298
-1.72161
-1.71881
-1.71785
-1.7135
-1.71349
-1.71347
-1.71106
-1.71098
-1.7103
-1.70849
-1.70783
-1.70608
-1.70503
-1.70402
-1.70401
-1.70243
-1.70237
-1.7013
-1.69994
-1.69931
-1.69853
-1.69785
-1.6975
-1.69742
-1.6943
-1.6906
-1.68948
-1.68898
-1.68881
-1.68797
-1.68785
-1.68197
-1.68176
-1.68135
-1.68086
-1.6793
-1.67877
-1.67856
-1.67462
-1.67326
-1.67302
-1.67277
-1.67097
-1.66987
-1.66599
-1.66543
-1.66333
-1.66076
-1.66064
-1.66034
-1.65995
-1.65683
-1.65681
-1.65647
-1.65641
-1.65638
-1.65573
-1.65345
-1.65342
-1.65316
-1.65235
-1.65058
-1.65039
-1.64735
-1.64669
-1.64643
-1.64532
-1.64042
-1.64013
-1.63982
-1.63891
-1.63817
-1.63737
-1.63661
-1.63576
-1.63534
-1.63406
-1.63185
-1.63141
-1.6313
-1.63034
-1.62929
-1.62742
-1.62725
-1.62641
-1.62593
-1.62489
-1.62449
-1.62361
-1.6223
-1.62211
-1.62173
-1.61999
-1.61901
-1.61633
-1.61423
-1.61356
-1.61323
-1.613
-1.61299
-1.6116
-1.61118
-1.6102
-1.60947
-1.60909
-1.60894
-1.60856
-1.60611
-1.60533
-1.60426
-1.60253
-1.60113
-1.60049
-1.60039
-1.59747
-1.59708
-1.59536
-1.59327
-1.59206
-1.59123
-1.59017
-1.59008
-1.58963
-1.58527
-1.58513
-1.58473
-1.58282
-1.58206
-1.58171
-1.58036
-1.57994
-1.57937
-1.57925
-1.57919
-1.57842
-1.57593
-1.5755
-1.57364
-1.57276
-1.57215
-1.57182
-1.5714
-1.57115
-1.57096
-1.5708
-1.57075
-1.57048
-1.57035
-1.57026
-1.56965
-1.5683
-1.56813
-1.56604
-1.56421
-1.56203
-1.56201
-1.56149
-1.55903
-1.55859
-1.55756
-1.5565
-1.55582
-1.55558
-1.55549
-1.55418
-1.55269
-1.55116
-1.55054
-1.55042
-1.54959
-1.54847
-1.54803
-1.54636
-1.54316
-1.54302
-1.54299
-1.5428
-1.54233
-1.54075
-1.53924
-1.53806
-1.53678
-1.53601
-1.53587
-1.53407
-1.53406
-1.53383
-1.53382
-1.53269
-1.5315
-1.53023
-1.52975
-1.52916
-1.52831
-1.52806
-1.52798
-1.52695
-1.52676
-1.5241
-1.52253
-1.51982
-1.51958
-1.51717
-1.51569
-1.51412
-1.51322
-1.51202
-1.51194
-1.51194
-1.51131
-1.51047
-1.51011
-1.50845
-1.50831
-1.50628
-1.50556
-1.50542
-1.50423
-1.50108
-1.50016
-1.49929
-1.49895
-1.49785
-1.49712
-1.49667
-1.49597
-1.49426
-1.49262
-1.49234
-1.49217
-1.49093
-1.49044
-1.4904
-1.49005
-1.48941
-1.48903
-1.4862
-1.4858
-1.48549
-1.48518
-1.48507
-1.48435
-1.48274
-1.48245
-1.47989
-1.47825
-1.4772
-1.47713
-1.47548
-1.47546
-1.47462
-1.47364
-1.47354
-1.47266
-1.47175
-1.47092
-1.47087
-1.47078
-1.46937
-1.46851
-1.46781
-1.46703
-1.46629
-1.46603
-1.46591
-1.46546
-1.46486
-1.46455
-1.46432
-1.46397
-1.4638
-1.46369
-1.46362
-1.4635
-1.4634
-1.46288
-1.46253
-1.46133
-1.46098
-1.46024
-1.45942
-1.45925
-1.45742
-1.45726
-1.45496
-1.4516
-1.45133
-1.45072
-1.45057
-1.44901
-1.44797
-1.44714
-1.44681
-1.44664
-1.44633
-1.44459
-1.44435
-1.44429
-1.44319
-1.44251
-1.44156
-1.43931
-1.43926
-1.43803
-1.43746
-1.43696
-1.4369
-1.43683
-1.4365
-1.43462
-1.43437
-1.43395
-1.43329
-1.43304
-1.43282
-1.43174
-1.43142
-1.43111
-1.43002
-1.42963
-1.42938
-1.42905
-1.42866
-1.42853
-1.42742
-1.42661
-1.42611
-1.42603
-1.42587
-1.42567
-1.4256
-1.42512
-1.42476
-1.42461
-1.42421
-1.42417
-1.42385
-1.4235
-1.42345
-1.42197
-1.4219
-1.42108
-1.42052
-1.41908
-1.41877
-1.41864
-1.41836
-1.41819
-1.4165
-1.41537
-1.41532
-1.41388
-1.4132
-1.41307
-1.41267
-1.41053
-1.40916
-1.40898
-1.40864
-1.40827
-1.40812
-1.40807
-1.40721
-1.40635
-1.40599
-1.40576
-1.40553
-1.405
-1.40475
-1.40445
-1.40432
-1.40351
-1.40332
-1.40277
-1.40253
-1.4015
-1.40103
-1.40018
-1.40014
-1.40013
-1.39717
-1.3959
-1.39587
-1.39578
-1.39565
-1.3941
-1.39337
-1.39326
-1.39275
-1.39239
-1.39142
-1.39033
-1.39032
-1.38905
-1.38859
-1.38846
-1.388
-1.38674
-1.38515
-1.38483
-1.38411
-1.38385
-1.38325
-1.3822
-1.38184
-1.38112
-1.38061
-1.38058
-1.37987
-1.37948
-1.37883
-1.37823
-1.37735
-1.37686
-1.37489
-1.37396
-1.37305
-1.37282
-1.37279
-1.37247
-1.3721
-1.3718
-1.37115
-1.37001
-1.36877
-1.36838
-1.36401
-1.36297
-1.36257
-1.36221
-1.3619
-1.36162
-1.36147
-1.36111
-1.36105
-1.36062
-1.36017
-1.35971
-1.35773
-1.35727
-1.35704
-1.35606
-1.35562
-1.35412
-1.35381
-1.35241
-1.35154
-1.35088
-1.3507
-1.35027
-1.34897
-1.34639
-1.34637
-1.34628
-1.34609
-1.34575
-1.34573
-1.3453
-1.34429
-1.34386
-1.34356
-1.34334
-1.34325
-1.34323
-1.34278
-1.34236
-1.34098
-1.33953
-1.33931
-1.33892
-1.33813
-1.33716
-1.33611
-1.33607
-1.33573
-1.33564
-1.33437
-1.33403
-1.33285
-1.33254
-1.33119
-1.32878
-1.32784
-1.3275
-1.32729
-1.32688
-1.32675
-1.32659
-1.32604
-1.32604
-1.32514
-1.32477
-1.32436
-1.32409
-1.32317
-1.32241
-1.32191
-1.32146
-1.32123
-1.32012
-1.31992
-1.3192
-1.31888
-1.31875
-1.3185
-1.31849
-1.31822
-1.31685
-1.31658
-1.31632
-1.31403
-1.31268
-1.31191
-1.3106
-1.31049
-1.30954
-1.3095
-1.30878
-1.30876
-1.30837
-1.30669
-1.30569
-1.30511
-1.30429
-1.30336
-1.30244
-1.30237
-1.30229
-1.30177
-1.30174
-1.29992
-1.29639
-1.29568
-1.29541
-1.29525
-1.29468
-1.2946
-1.29454
-1.29445
-1.2941
-1.29378
-1.29369
-1.29317
-1.29308
-1.29283
-1.2912
-1.28969
-1.28895
-1.28893
-1.28837
-1.28747
-1.28691
-1.28689
-1.28615
-1.28608
-1.28531
-1.28509
-1.28493
-1.28468
-1.28461
-1.28453
-1.28362
-1.28284
-1.28218
-1.28173
-1.28171
-1.28045
-1.28018
-1.27993
-1.27965
-1.27856
-1.27802
-1.2776
-1.27613
-1.27568
-1.27471
-1.27456
-1.27403
-1.27335
-1.27057
-1.27047
-1.26988
-1.26978
-1.26932
-1.26924
-1.26901
-1.26899
-1.2685
-1.26829
-1.26767
-1.2675
-1.26746
-1.2671
-1.26703
-1.26692
-1.26625
-1.26558
-1.26544
-1.26486
-1.26439
-1.26427
-1.26415
-1.26412
-1.264
-1.26239
-1.26137
-1.26125
-1.2607
-1.2605
-1.26023
-1.26013
-1.25979
-1.25841
-1.25818
-1.2574
-1.25488
-1.25357
-1.25351
-1.25288
-1.25279
-1.25278
-1.25143
-1.25107
-1.25006
-1.25005
-1.24987
-1.24975
-1.24686
-1.24649
-1.24648
-1.2464
-1.24572
-1.24506
-1.24432
-1.24415
-1.24169
-1.24138
-1.24108
-1.24077
-1.23998
-1.23998
-1.23985
-1.23946
-1.23906
-1.23813
-1.23759
-1.23759
-1.23756
-1.2375
-1.23682
-1.23641
-1.23634
-1.23626
-1.23567
-1.23464
-1.23439
-1.2333
-1.23197
-1.23187
-1.23177
-1.23109
-1.2304
-1.23005
-1.22987
-1.22937
-1.22921
-1.22877
-1.22778
-1.22777
-1.2258
-1.22564
-1.2248
-1.22395
-1.22352
-1.22349
-1.22297
-1.22295
-1.22282
-1.22281
-1.22273
-1.22129
-1.21997
-1.21994
-1.21936
-1.2191
-1.2186
-1.2183
-1.21812
-1.21804
-1.21718
-1.21692
-1.21687
-1.21504
-1.21502
-1.21377
-1.21243
-1.21242
-1.21219
-1.21099
-1.21099
-1.21086
-1.20885
-1.20877
-1.20859
-1.20776
-1.20753
-1.20726
-1.20671
-1.20599
-1.20541
-1.20524
-1.20425
-1.20408
-1.204
-1.20304
-1.2027
-1.20162
-1.2012
-1.20102
-1.20101
-1.20003
-1.19947
-1.19939
-1.19924
-1.19903
-1.199
-1.19675
-1.19663
-1.19662
-1.19644
-1.19638
-1.19519
-1.19515
-1.19446
-1.19422
-1.19412
-1.19376
-1.19309
-1.19263
-1.19213
-1.19157
-1.19127
-1.19109
-1.19097
-1.19057
-1.1896
-1.18945
-1.18925
-1.18829
-1.18828
-1.18756
-1.18715
-1.18713
-1.18707
-1.18624
-1.18604
-1.18589
-1.1853
-1.18487
-1.18472
-1.183
-1.18173
-1.1808
-1.18056
-1.18025
-1.17955
-1.17945
-1.17901
-1.17871
-1.17757
-1.17735
-1.1765
-1.17649
-1.1759
-1.17583
-1.17553
-1.17525
-1.17452
-1.17443
-1.17389
-1.17277
-1.1723
-1.17139
-1.17114
-1.17102
-1.17038
-1.16943
-1.16924
-1.16773
-1.16698
-1.16689
-1.16671
-1.16623
-1.16617
-1.16486
-1.16467
-1.16462
-1.16434
-1.16418
-1.16294
-1.16264
-1.16207
-1.16201
-1.16194
-1.16136
-1.16046
-1.1603
-1.16019
-1.16003
-1.15998
-1.15932
-1.15762
-1.15748
-1.15643
-1.15633
-1.15621
-1.15607
-1.15571
-1.15553
-1.15459
-1.15431
-1.15321
-1.15261
-1.15121
-1.15085
-1.15072
-1.14931
-1.14912
-1.14902
-1.14821
-1.14686
-1.14671
-1.14603
-1.14581
-1.14539
-1.14469
-1.14386
-1.14378
-1.1426
-1.14229
-1.14103
-1.13952
-1.13871
-1.13855
-1.13791
-1.13752
-1.13709
-1.13709
-1.13675
-1.13643
-1.13595
-1.1359
-1.13584
-1.13559
-1.13507
-1.13489
-1.13472
-1.13452
-1.13444
-1.13373
-1.13201
-1.132
-1.1318
-1.13027
-1.12991
-1.12936
-1.12837
-1.12837
-1.12834
-1.12803
-1.12769
-1.12768
-1.12719
-1.12692
-1.12675
-1.12672
-1.12548
-1.12547
-1.12526
-1.12397
-1.12375
-1.12369
-1.12358
-1.12338
-1.12076
-1.12015
-1.11952
-1.11936
-1.11822
-1.11809
-1.11745
-1.11742
-1.1169
-1.11624
-1.11601
-1.11463
-1.11377
-1.11316
-1.11314
-1.11291
-1.11268
-1.11218
-1.11148
-1.1107
-1.11036
-1.11033
-1.11013
-1.11009
-1.10924
-1.1087
-1.10838
-1.10735
-1.10668
-1.10667
-1.10647
-1.1058
-1.10572
-1.10538
-1.10483
-1.10428
-1.10409
-1.1037
-1.10352
-1.10337
-1.10196
-1.10162
-1.10151
-1.10118
-1.10067
-1.10033
-1.09831
-1.09808
-1.098
-1.09757
-1.09746
-1.09527
-1.09506
-1.09264
-1.09241
-1.09226
-1.09182
-1.09143
-1.09135
-1.09107
-1.0908
-1.09041
-1.08936
-1.0887
-1.08837
-1.08807
-1.08749
-1.0871
-1.08664
-1.08627
-1.08615
-1.08611
-1.08476
-1.08436
-1.08398
-1.0839
-1.08324
-1.08257
-1.08146
-1.08134
-1.0802
-1.08011
-1.08001
-1.08
-1.07977
-1.07962
-1.07956
-1.07847
-1.07807
-1.07722
-1.07681
-1.0755
-1.07533
-1.07528
-1.07521
-1.07512
-1.07506
-1.07491
-1.07473
-1.07404
-1.07393
-1.07381
-1.07277
-1.07212
-1.07147
-1.07114
-1.07098
-1.07092
-1.07092
-1.07083
-1.0706
-1.06902
-1.06875
-1.06833
-1.06786
-1.06699
-1.06624
-1.06596
-1.06594
-1.06569
-1.06567
-1.06537
-1.06491
-1.06462
-1.06392
-1.06339
-1.06301
-1.06294
-1.06278
-1.06235
-1.06217
-1.0617
-1.06156
-1.06144
-1.06051
-1.05977
-1.05964
-1.05897
-1.05834
-1.05702
-1.05701
-1.05605
-1.05557
-1.05544
-1.05512
-1.0541
-1.0532
-1.05228
-1.05224
-1.05205
-1.05154
-1.05137
-1.05116
-1.05108
-1.05029
-1.05017
-1.05011
-1.05002
-1.04924
-1.04921
-1.04912
-1.04827
-1.04817
-1.04797
-1.04782
-1.04771
-1.04664
-1.04607
-1.04499
-1.04486
-1.04485
-1.04352
-1.0432
-1.04167
-1.04159
-1.03935
-1.03913
-1.03828
-1.03803
-1.03777
-1.03771
-1.03767
-1.03673
-1.03609
-1.03555
-1.0355
-1.03519
-1.03471
-1.03469
-1.03445
-1.03408
-1.03226
-1.03025
-1.0299
-1.02969
-1.02964
-1.0294
-1.02833
-1.02791
-1.02682
-1.02662
-1.02644
-1.02625
-1.02556
-1.02495
-1.02412
-1.02381
-1.02371
-1.02347
-1.02332
-1.02299
-1.02214
-1.02204
-1.02203
-1.02161
-1.0212
-1.02088
-1.02051
-1.01952
-1.01903
-1.018
-1.01782
-1.01782
-1.01681
-1.01678
-1.01663
-1.01635
-1.01615
-1.01564
-1.01564
-1.01467
-1.01462
-1.01445
-1.01397
-1.01383
-1.01357
-1.01312
-1.0124
-1.0124
-1.01208
-1.01204
-1.01158
-1.01088
-1.0097
-1.00958
-1.00947
-1.00904
-1.00805
-1.008
-1.00666
-1.00595
-1.00486
-1.00485
-1.00473
-1.00433
-1.00385
-1.00356
-1.00356
-1.00319
-1.003
-1.00248
-1.00187
-1.00145
-1.00114
-1.00101
-1.00086
-1.00063
-0.999385
-0.998606
-0.998256
-0.998169
-0.998147
-0.998019
-0.997525
-0.997322
-0.995513
-0.994312
-0.992997
-0.992923
-0.991867
-0.991743
-0.99137
-0.991217
-0.989299
-0.98866
-0.987659
-0.987145
-0.986895
-0.986812
-0.986705
-0.985946
-0.985272
-0.984783
-0.984311
-0.984186
-0.984175
-0.98392
-0.983824
-0.98371
-0.983256
-0.983215
-0.981706
-0.981673
-0.981474
-0.981189
-0.980796
-0.980248
-0.980044
-0.979227
-0.979024
-0.978961
-0.978892
-0.978619
-0.97853
-0.977675
-0.976708
-0.976271
-0.976015
-0.975439
-0.975314
-0.974986
-0.973868
-0.973668
-0.973598
-0.973184
-0.973113
-0.973042
-0.972848
-0.972813
-0.972473
-0.972465
-0.969236
-0.969234
-0.968787
-0.968071
-0.96797
-0.967296
-0.967052
-0.966857
-0.966802
-0.966528
-0.966525
-0.965375
-0.965301
-0.964818
-0.964791
-0.964668
-0.964535
-0.964099
-0.963889
-0.962888
-0.962806
-0.962568
-0.961481
-0.960846
-0.960719
-0.960638
-0.960357
-0.95955
-0.958934
-0.958616
-0.957857
-0.957605
-0.957571
-0.956808
-0.956767
-0.956252
-0.955805
-0.955761
-0.955343
-0.955281
-0.955124
-0.955
-0.954927
-0.954897
-0.954509
-0.95433
-0.95402
-0.953959
-0.953796
-0.953771
-0.953671
-0.953369
-0.951352
-0.951023
-0.950213
-0.950203
-0.949947
-0.948923
-0.948786
-0.948727
-0.948356
-0.947587
-0.947494
-0.947141
-0.946923
-0.946355
-0.945327
-0.944475
-0.944207
-0.944193
-0.94396
-0.943908
-0.94304
-0.942782
-0.942423
-0.942411
-0.942037
-0.941879
-0.941564
-0.941137
-0.940685
-0.94055
-0.940475
-0.940245
-0.939653
-0.939473
-0.939467
-0.939351
-0.938785
-0.938566
-0.938525
-0.938155
-0.937768
-0.937571
-0.93754
-0.937461
-0.937237
-0.937107
-0.936558
-0.93589
-0.935439
-0.933783
-0.933667
-0.933381
-0.933111
-0.932635
-0.932274
-0.931922
-0.931503
-0.931066
-0.930894
-0.930464
-0.930311
-0.929996
-0.929808
-0.929569
-0.92876
-0.928087
-0.927924
-0.927475
-0.927428
-0.927197
-0.926955
-0.926675
-0.926068
-0.925965
-0.925426
-0.925325
-0.925212
-0.92513
-0.925008
-0.924968
-0.924962
-0.924925
-0.924104
-0.923318
-0.922537
-0.921986
-0.92195
-0.921524
-0.921508
-0.921029
-0.920923
-0.920884
-0.920195
-0.919853
-0.919574
-0.919569
-0.919298
-0.919179
-0.918923
-0.918801
-0.918502
-0.918452
-0.91837
-0.917103
-0.91705
-0.91703
-0.916662
-0.916423
-0.916203
-0.915914
-0.915683
-0.915411
-0.915261
-0.915091
-0.913896
-0.913446
-0.912375
-0.912344
-0.912044
-0.911491
-0.91068
-0.910222
-0.9092
-0.908674
-0.907471
-0.907376
-0.907197
-0.907036
-0.90676
-0.906644
-0.9063
-0.9062
-0.905821
-0.90574
-0.90568
-0.905677
-0.905161
-0.904738
-0.904321
-0.904221
-0.904
-0.903892
-0.903665
-0.903317
-0.902806
-0.902333
-0.902273
-0.901917
-0.901592
-0.901056
-0.900915
-0.900635
-0.900432
-0.900312
-0.89977
-0.899751
-0.899251
-0.898559
-0.897083
-0.897037
-0.897012
-0.895504
-0.894606
-0.894111
-0.89383
-0.893719
-0.893214
-0.893184
-0.893152
-0.893074
-0.892967
-0.89249
-0.891836
-0.891429
-0.891319
-0.890828
-0.890681
-0.890521
-0.890469
-0.889654
-0.889563
-0.889402
-0.889221
-0.889161
-0.888942
-0.888899
-0.888162
-0.887812
-0.887785
-0.886823
-0.886672
-0.885696
-0.885558
-0.88552
-0.885214
-0.884239
-0.883818
-0.883638
-0.88362
-0.883487
-0.883173
-0.882863
-0.882296
-0.880824
-0.880779
-0.879676
-0.879418
-0.877894
-0.877831
-0.877441
-0.877054
-0.876998
-0.876289
-0.876285
-0.876156
-0.876114
-0.875814
-0.875578
-0.874538
-0.874466
-0.87407
-0.87366
-0.873533
-0.873459
-0.873316
-0.872763
-0.872617
-0.87256
-0.872461
-0.871432
-0.871256
-0.871228
-0.870861
-0.870547
-0.870005
-0.869341
-0.868923
-0.868291
-0.868015
-0.868
-0.867683
-0.866852
-0.866841
-0.866572
-0.866268
-0.866185
-0.865449
-0.865435
-0.865046
-0.864803
-0.863415
-0.86307
-0.862996
-0.86299
-0.862963
-0.862677
-0.862392
-0.862316
-0.862261
-0.862147
-0.862095
-0.862005
-0.861556
-0.860841
-0.860318
-0.859508
-0.858517
-0.858337
-0.858335
-0.857936
-0.857586
-0.857556
-0.857528
-0.857292
-0.857201
-0.856675
-0.85623
-0.856078
-0.855619
-0.855116
-0.854999
-0.854948
-0.854502
-0.854171
-0.854022
-0.85392
-0.852588
-0.852299
-0.852173
-0.851285
-0.851196
-0.851176
-0.850981
-0.849962
-0.849189
-0.849109
-0.848986
-0.84815
-0.848072
-0.846435
-0.846233
-0.845807
-0.845795
-0.845513
-0.845428
-0.845367
-0.845288
-0.8449
-0.842975
-0.842351
-0.842333
-0.842163
-0.841022
-0.84071
-0.840533
-0.840099
-0.840039
-0.839966
-0.839292
-0.836853
-0.834907
-0.834748
-0.834095
-0.832624
-0.832488
-0.831294
-0.830347
-0.830154
-0.82993
-0.829825
-0.8298
-0.829775
-0.829746
-0.829082
-0.828788
-0.828625
-0.828606
-0.828219
-0.828173
-0.827731
-0.827513
-0.826924
-0.825645
-0.825482
-0.825475
-0.825403
-0.824865
-0.823886
-0.822919
-0.822729
-0.822544
-0.821979
-0.82167
-0.821424
-0.820769
-0.820626
-0.82019
-0.819418
-0.8188
-0.818233
-0.818226
-0.817717
-0.817042
-0.816579
-0.816546
-0.816318
-0.816219
-0.816042
-0.815106
-0.814444
-0.814327
-0.814186
-0.813993
-0.813887
-0.813754
-0.81358
-0.813285
-0.813129
-0.812976
-0.812958
-0.812773
-0.812478
-0.812336
-0.811858
-0.811653
-0.811163
-0.810931
-0.810636
-0.810394
-0.80956
-0.809204
-0.808974
-0.808457
-0.808275
-0.808223
-0.807907
-0.80789
-0.807193
-0.805875
-0.805719
-0.805543
-0.804539
-0.80439
-0.803718
-0.8036
-0.803255
-0.803245
-0.803182
-0.802738
-0.802036
-0.801778
-0.801747
-0.801485
-0.801362
-0.80075
-0.800175
-0.799991
-0.799053
-0.798988
-0.798966
-0.798522
-0.798454
-0.798185
-0.797694
-0.797652
-0.797552
-0.796577
-0.796403
-0.795801
-0.795488
-0.795454
-0.795409
-0.794931
-0.794815
-0.794798
-0.794583
-0.794124
-0.793473
-0.793422
-0.793265
-0.792257
-0.792153
-0.791977
-0.791887
-0.791539
-0.789659
-0.789239
-0.788963
-0.788039
-0.787667
-0.787156
-0.786329
-0.784814
-0.784685
-0.784605
-0.784554
-0.783902
-0.78365
-0.783647
-0.783214
-0.781115
-0.781097
-0.781078
-0.781023
-0.780693
-0.780086
-0.779765
-0.779631
-0.77908
-0.779075
-0.778631
-0.778154
-0.778122
-0.778035
-0.777801
-0.777015
-0.776716
-0.776659
-0.776427
-0.776107
-0.775567
-0.77473
-0.774561
-0.774389
-0.773843
-0.773835
-0.773708
-0.773029
-0.772897
-0.772626
-0.772394
-0.771674
-0.771503
-0.771252
-0.771142
-0.770952
-0.770681
-0.770649
-0.77056
-0.770529
-0.770473
-0.769998
-0.769921
-0.769723
-0.768654
-0.768509
-0.768167
-0.768036
-0.767962
-0.767546
-0.766623
-0.76627
-0.766095
-0.766067
-0.76559
-0.764981
-0.764893
-0.764851
-0.764804
-0.763466
-0.763125
-0.76292
-0.762735
-0.762694
-0.762493
-0.762219
-0.761891
-0.761844
-0.761604
-0.761601
-0.761469
-0.761468
-0.761124
-0.760786
-0.760417
-0.759923
-0.759521
-0.758889
-0.758763
-0.758368
-0.758329
-0.758135
-0.758095
-0.757865
-0.757842
-0.757733
-0.757454
-0.755794
-0.755556
-0.755548
-0.755454
-0.755331
-0.75494
-0.754618
-0.753994
-0.753332
-0.753017
-0.753008
-0.752336
-0.752184
-0.752069
-0.75142
-0.750732
-0.750544
-0.75053
-0.749637
-0.749612
-0.749477
-0.749208
-0.748998
-0.748798
-0.748549
-0.748456
-0.747239
-0.747016
-0.746915
-0.746567
-0.746432
-0.745614
-0.745489
-0.745371
-0.745334
-0.745161
-0.745136
-0.745092
-0.744767
-0.744453
-0.743707
-0.743564
-0.743526
-0.743242
-0.743162
-0.742757
-0.742544
-0.741991
-0.741683
-0.741657
-0.741183
-0.740828
-0.740226
-0.739664
-0.739244
-0.738594
-0.738492
-0.738256
-0.737667
-0.737022
-0.736942
-0.736734
-0.736706
-0.736667
-0.736241
-0.736161
-0.736076
-0.735588
-0.735505
-0.73549
-0.734582
-0.734309
-0.734305
-0.733721
-0.733411
-0.732591
-0.732551
-0.732471
-0.732418
-0.731943
-0.730897
-0.730886
-0.729996
-0.729043
-0.728653
-0.727966
-0.727521
-0.727198
-0.726689
-0.725797
-0.725746
-0.725676
-0.724289
-0.724129
-0.723891
-0.723841
-0.723744
-0.723214
-0.723043
-0.722984
-0.722852
-0.722516
-0.722078
-0.722041
-0.721615
-0.721108
-0.720913
-0.720748
-0.720626
-0.72046
-0.720349
-0.720107
-0.719392
-0.719157
-0.718713
-0.718491
-0.718443
-0.718426
-0.718395
-0.718251
-0.717615
-0.717153
-0.716061
-0.71582
-0.715789
-0.71551
-0.715462
-0.715057
-0.714659
-0.713813
-0.71367
-0.713246
-0.713151
-0.712661
-0.712504
-0.7119
-0.711859
-0.711635
-0.71155
-0.711234
-0.711111
-0.710891
-0.710719
-0.710266
-0.709734
-0.709333
-0.709116
-0.708037
-0.706493
-0.705916
-0.704661
-0.704259
-0.703836
-0.703176
-0.702877
-0.702507
-0.702178
-0.702138
-0.701626
-0.701263
-0.700773
-0.700445
-0.700035
-0.698441
-0.697792
-0.697732
-0.697598
-0.697527
-0.697327
-0.697059
-0.696909
-0.696701
-0.696189
-0.696118
-0.695993
-0.69577
-0.695104
-0.695077
-0.694755
-0.694343
-0.69388
-0.69341
-0.693045
-0.692624
-0.692544
-0.6923
-0.692285
-0.692063
-0.691849
-0.691138
-0.690785
-0.690525
-0.690312
-0.690081
-0.689975
-0.68984
-0.689605
-0.689337
-0.689081
-0.688845
-0.688193
-0.687304
-0.68723
-0.686299
-0.685733
-0.685383
-0.684873
-0.684758
-0.684248
-0.683678
-0.683559
-0.683474
-0.683387
-0.682872
-0.682774
-0.682606
-0.682001
-0.681872
-0.681029
-0.680225
-0.678993
-0.678934
-0.677816
-0.677477
-0.677336
-0.676948
-0.676938
-0.676772
-0.676709
-0.675381
-0.675123
-0.674923
-0.674728
-0.67273
-0.672651
-0.671886
-0.67186
-0.671758
-0.671345
-0.67102
-0.670985
-0.670937
-0.6709
-0.670629
-0.669991
-0.669897
-0.66959
-0.669518
-0.669385
-0.669213
-0.668999
-0.668909
-0.668484
-0.668094
-0.667865
-0.667524
-0.66728
-0.666349
-0.666273
-0.665846
-0.665681
-0.665654
-0.665315
-0.665247
-0.665019
-0.664724
-0.664366
-0.664119
-0.664093
-0.663931
-0.663426
-0.663069
-0.662817
-0.662476
-0.661664
-0.661478
-0.661311
-0.66128
-0.660903
-0.660683
-0.660484
-0.660435
-0.660051
-0.659938
-0.659376
-0.659142
-0.658654
-0.658196
-0.657225
-0.657071
-0.656824
-0.656719
-0.656544
-0.656263
-0.656142
-0.656082
-0.656006
-0.655558
-0.65542
-0.655384
-0.655313
-0.654511
-0.654452
-0.654237
-0.653957
-0.653921
-0.653572
-0.65339
-0.652838
-0.652683
-0.652468
-0.652374
-0.651879
-0.651658
-0.651589
-0.651232
-0.651181
-0.651136
-0.651053
-0.650555
-0.650273
-0.649924
-0.648214
-0.647811
-0.647045
-0.646931
-0.645836
-0.64555
-0.645106
-0.645016
-0.645008
-0.644589
-0.644304
-0.644196
-0.644194
-0.644177
-0.643598
-0.642106
-0.641336
-0.641251
-0.641075
-0.640315
-0.64018
-0.64015
-0.64011
-0.639831
-0.639795
-0.639711
-0.639241
-0.639008
-0.63898
-0.638456
-0.637692
-0.637593
-0.636954
-0.636788
-0.636171
-0.635982
-0.635781
-0.635614
-0.635495
-0.634826
-0.634717
-0.63467
-0.63458
-0.63377
-0.633674
-0.633448
-0.633185
-0.632292
-0.631703
-0.631511
-0.631456
-0.630977
-0.630671
-0.630532
-0.630399
-0.630299
-0.630104
-0.629946
-0.629231
-0.629122
-0.628849
-0.627151
-0.627109
-0.626534
-0.626341
-0.626326
-0.626124
-0.625901
-0.625706
-0.625675
-0.625393
-0.625073
-0.624988
-0.624646
-0.624576
-0.62364
-0.623382
-0.623221
-0.62317
-0.623117
-0.623115
-0.622812
-0.622631
-0.622227
-0.622008
-0.621849
-0.621753
-0.62158
-0.621467
-0.621065
-0.621035
-0.620142
-0.620103
-0.62009
-0.620033
-0.619501
-0.619374
-0.618726
-0.617823
-0.616786
-0.616312
-0.615914
-0.615797
-0.615456
-0.615361
-0.615212
-0.615009
-0.614813
-0.614478
-0.614263
-0.61406
-0.613952
-0.613913
-0.613906
-0.613903
-0.613757
-0.613506
-0.613338
-0.613182
-0.612833
-0.612656
-0.612576
-0.612517
-0.611799
-0.611569
-0.611195
-0.611078
-0.610606
-0.610114
-0.610083
-0.610044
-0.609781
-0.609656
-0.6095
-0.608517
-0.608479
-0.608065
-0.607916
-0.605155
-0.60497
-0.604703
-0.604354
-0.603562
-0.603505
-0.603423
-0.603063
-0.602692
-0.60233
-0.602235
-0.602217
-0.601682
-0.601655
-0.601341
-0.600758
-0.600676
-0.600575
-0.600553
-0.600463
-0.599887
-0.599653
-0.599504
-0.599282
-0.598691
-0.598403
-0.597906
-0.597806
-0.597596
-0.597586
-0.597276
-0.597116
-0.596986
-0.596918
-0.59659
-0.596379
-0.595998
-0.595953
-0.595936
-0.5959
-0.595744
-0.59529
-0.593867
-0.593655
-0.593224
-0.592393
-0.592355
-0.591854
-0.59124
-0.591173
-0.591134
-0.591122
-0.590964
-0.590941
-0.590677
-0.589645
-0.589562
-0.589453
-0.589238
-0.589207
-0.589192
-0.58894
-0.588677
-0.588124
-0.58791
-0.587567
-0.587518
-0.586934
-0.586245
-0.586184
-0.585767
-0.585492
-0.585462
-0.585385
-0.585363
-0.58532
-0.585248
-0.585245
-0.585233
-0.58511
-0.584926
-0.584755
-0.58433
-0.584186
-0.584147
-0.583528
-0.58339
-0.583276
-0.58285
-0.582617
-0.58236
-0.582017
-0.581518
-0.581437
-0.581144
-0.581103
-0.581075
-0.581057
-0.581015
-0.580857
-0.580755
-0.580097
-0.579848
-0.579578
-0.579456
-0.579137
-0.578769
-0.578716
-0.578712
-0.578643
-0.578619
-0.578229
-0.577979
-0.577831
-0.576619
-0.576342
-0.576314
-0.576118
-0.57592
-0.575801
-0.575127
-0.574957
-0.57457
-0.574543
-0.573997
-0.573616
-0.573372
-0.573256
-0.572732
-0.572595
-0.572573
-0.572395
-0.572243
-0.571772
-0.57082
-0.570228
-0.57001
-0.569894
-0.569719
-0.569623
-0.569541
-0.569133
-0.568948
-0.568341
-0.56824
-0.567094
-0.56706
-0.566872
-0.56687
-0.566678
-0.566516
-0.566382
-0.566366
-0.565882
-0.564691
-0.564243
-0.564131
-0.563941
-0.56336
-0.561858
-0.561528
-0.561342
-0.561134
-0.560677
-0.560558
-0.560389
-0.560219
-0.559926
-0.559881
-0.559517
-0.559353
-0.559284
-0.559097
-0.558702
-0.558532
-0.558415
-0.558206
-0.557615
-0.557473
-0.557454
-0.557367
-0.557193
-0.557118
-0.557035
-0.556628
-0.556303
-0.556056
-0.555752
-0.555646
-0.554965
-0.554866
-0.554592
-0.554233
-0.553615
-0.553416
-0.552581
-0.552231
-0.552139
-0.550758
-0.550667
-0.55052
-0.550164
-0.549933
-0.549863
-0.549819
-0.549777
-0.54952
-0.549415
-0.548851
-0.548776
-0.548429
-0.548323
-0.548198
-0.548032
-0.547778
-0.547153
-0.547066
-0.546951
-0.546708
-0.546654
-0.546459
-0.546001
-0.545688
-0.545091
-0.544995
-0.544824
-0.544722
-0.544411
-0.544277
-0.543789
-0.54361
-0.543566
-0.543386
-0.543271
-0.543198
-0.542971
-0.542565
-0.541499
-0.541444
-0.540331
-0.540129
-0.539709
-0.5396
-0.539129
-0.539016
-0.538992
-0.538935
-0.538907
-0.538295
-0.537903
-0.537671
-0.537649
-0.537161
-0.537116
-0.536384
-0.536336
-0.536269
-0.536015
-0.535725
-0.535629
-0.535621
-0.535511
-0.535345
-0.535281
-0.534661
-0.534528
-0.53443
-0.534188
-0.533885
-0.533321
-0.532716
-0.53243
-0.532297
-0.532063
-0.531786
-0.531105
-0.530851
-0.530671
-0.530554
-0.530121
-0.529451
-0.528055
-0.527967
-0.527919
-0.527787
-0.527567
-0.527498
-0.527035
-0.526914
-0.526739
-0.526657
-0.52597
-0.525812
-0.525018
-0.524554
-0.524081
-0.523924
-0.523419
-0.523111
-0.522833
-0.522754
-0.522176
-0.521927
-0.521438
-0.521365
-0.521062
-0.520841
-0.520463
-0.520349
-0.520113
-0.520008
-0.519973
-0.519774
-0.519717
-0.519378
-0.5193
-0.518997
-0.518711
-0.518327
-0.515868
-0.515692
-0.515405
-0.51514
-0.515121
-0.514586
-0.514553
-0.514412
-0.514225
-0.514062
-0.513581
-0.512754
-0.512114
-0.511242
-0.510919
-0.510593
-0.510464
-0.510462
-0.510088
-0.510046
-0.509137
-0.508914
-0.508723
-0.508442
-0.508246
-0.508138
-0.506652
-0.506522
-0.506477
-0.505892
-0.505595
-0.505338
-0.50514
-0.504967
-0.503628
-0.503501
-0.503304
-0.503258
-0.503078
-0.503073
-0.502999
-0.502692
-0.502508
-0.502047
-0.501917
-0.501854
-0.501436
-0.501038
-0.500923
-0.500834
-0.500348
-0.499927
-0.499574
-0.499359
-0.498859
-0.49851
-0.498225
-0.498126
-0.49775
-0.497591
-0.497078
-0.496958
-0.496709
-0.496683
-0.496656
-0.496425
-0.496336
-0.49632
-0.496045
-0.495018
-0.494814
-0.494404
-0.494005
-0.493808
-0.493521
-0.49351
-0.493434
-0.492898
-0.492666
-0.492519
-0.492177
-0.492148
-0.491769
-0.491446
-0.491397
-0.491005
-0.490349
-0.490277
-0.489973
-0.489635
-0.489322
-0.489322
-0.489082
-0.488521
-0.487974
-0.48779
-0.48743
-0.487096
-0.487091
-0.487006
-0.486984
-0.486825
-0.486592
-0.48652
-0.486337
-0.485867
-0.485786
-0.485662
-0.485481
-0.485477
-0.484593
-0.484247
-0.483539
-0.483137
-0.482923
-0.481968
-0.481914
-0.481853
-0.481494
-0.481092
-0.480766
-0.480758
-0.480651
-0.480645
-0.480254
-0.47996
-0.479527
-0.479467
-0.479323
-0.478669
-0.478453
-0.478348
-0.478281
-0.477856
-0.47775
-0.477541
-0.477285
-0.476829
-0.476811
-0.476253
-0.476103
-0.475959
-0.475771
-0.475689
-0.475329
-0.474725
-0.474531
-0.47387
-0.47381
-0.473373
-0.473304
-0.472556
-0.472556
-0.471683
-0.471071
-0.470449
-0.470042
-0.469988
-0.469747
-0.469745
-0.469567
-0.469344
-0.469291
-0.469249
-0.469135
-0.468652
-0.468241
-0.468193
-0.468189
-0.468148
-0.46806
-0.46801
-0.467563
-0.467403
-0.467207
-0.46715
-0.46697
-0.466841
-0.466557
-0.466329
-0.466277
-0.465968
-0.465767
-0.465693
-0.465668
-0.465547
-0.465277
-0.465087
-0.464767
-0.464414
-0.46325
-0.463024
-0.462885
-0.46272
-0.462706
-0.462607
-0.462377
-0.462134
-0.462002
-0.461938
-0.461788
-0.461412
-0.460868
-0.460326
-0.460273
-0.46014
-0.459829
-0.459623
-0.45939
-0.459326
-0.459003
-0.458382
-0.458218
-0.45805
-0.457999
-0.457838
-0.457777
-0.457713
-0.457516
-0.457326
-0.457143
-0.456797
-0.45671
-0.456549
-0.455937
-0.455853
-0.455518
-0.45532
-0.455139
-0.454948
-0.454329
-0.454205
-0.453963
-0.453894
-0.453652
-0.453594
-0.453588
-0.453292
-0.452061
-0.451401
-0.450856
-0.450767
-0.450541
-0.450229
-0.450225
-0.450201
-0.450098
-0.449429
-0.449121
-0.448913
-0.448863
-0.448853
-0.448831
-0.448777
-0.448565
-0.448381
-0.448335
-0.447991
-0.447969
-0.447968
-0.447514
-0.447324
-0.447015
-0.446453
-0.446334
-0.446316
-0.446064
-0.445934
-0.445553
-0.4454
-0.445213
-0.444888
-0.444031
-0.443691
-0.443483
-0.44339
-0.443172
-0.442975
-0.442816
-0.442722
-0.442488
-0.442046
-0.442013
-0.441645
-0.441431
-0.441413
-0.441287
-0.441268
-0.441113
-0.441091
-0.44078
-0.440581
-0.440431
-0.440073
-0.439967
-0.439559
-0.439301
-0.439231
-0.43903
-0.438836
-0.438832
-0.438784
-0.438692
-0.438491
-0.438463
-0.438428
-0.43836
-0.438131
-0.436982
-0.436878
-0.436151
-0.436105
-0.436076
-0.436067
-0.435744
-0.435449
-0.43543
-0.435345
-0.434982
-0.434033
-0.433985
-0.43388
-0.432688
-0.432546
-0.432494
-0.432341
-0.432319
-0.432113
-0.431675
-0.431668
-0.43156
-0.431431
-0.431405
-0.431076
-0.430548
-0.43032
-0.430245
-0.429809
-0.429681
-0.429537
-0.429012
-0.428981
-0.428716
-0.427768
-0.427711
-0.427612
-0.427582
-0.427361
-0.427318
-0.425995
-0.425796
-0.425751
-0.425739
-0.425357
-0.425102
-0.424631
-0.424629
-0.424414
-0.424063
-0.423999
-0.423876
-0.423473
-0.423469
-0.423227
-0.422905
-0.422513
-0.422415
-0.422406
-0.422275
-0.422209
-0.422153
-0.421992
-0.421827
-0.421523
-0.421433
-0.421296
-0.420836
-0.420818
-0.420513
-0.419239
-0.419238
-0.419056
-0.419039
-0.418909
-0.418505
-0.418248
-0.418191
-0.417906
-0.417166
-0.417095
-0.416682
-0.416083
-0.415821
-0.415124
-0.414881
-0.414752
-0.414407
-0.414285
-0.414115
-0.413961
-0.413849
-0.413804
-0.413634
-0.413258
-0.412847
-0.412515
-0.412436
-0.412054
-0.411987
-0.41166
-0.411576
-0.411005
-0.41064
-0.410509
-0.410223
-0.410103
-0.409741
-0.409697
-0.409373
-0.408947
-0.408373
-0.408372
-0.407562
-0.407489
-0.405967
-0.405752
-0.40516
-0.405042
-0.404246
-0.404223
-0.403784
-0.40353
-0.402721
-0.402535
-0.402405
-0.402363
-0.402211
-0.401737
-0.401636
-0.401235
-0.400858
-0.400644
-0.400558
-0.400469
-0.399935
-0.399756
-0.399685
-0.399614
-0.399327
-0.398861
-0.398716
-0.398546
-0.397266
-0.397147
-0.397
-0.396591
-0.396524
-0.396445
-0.396022
-0.394936
-0.394709
-0.394441
-0.394383
-0.394227
-0.394186
-0.394158
-0.393739
-0.393526
-0.393479
-0.393151
-0.39281
-0.392795
-0.392518
-0.392079
-0.391816
-0.39146
-0.39136
-0.391136
-0.390927
-0.390714
-0.39006
-0.389763
-0.389702
-0.389386
-0.389324
-0.389079
-0.387792
-0.387618
-0.386183
-0.385849
-0.385679
-0.385644
-0.385581
-0.385216
-0.385182
-0.385084
-0.38508
-0.385033
-0.385015
-0.384889
-0.384852
-0.384843
-0.383244
-0.383124
-0.383104
-0.382702
-0.38242
-0.382229
-0.382053
-0.381607
-0.381254
-0.380765
-0.380231
-0.38005
-0.379717
-0.379554
-0.379291
-0.378943
-0.378276
-0.377977
-0.377965
-0.377807
-0.377511
-0.377376
-0.376766
-0.376684
-0.376667
-0.376536
-0.376389
-0.376379
-0.376217
-0.375946
-0.375531
-0.375473
-0.375441
-0.375408
-0.375325
-0.374907
-0.374456
-0.374155
-0.373454
-0.372311
-0.372113
-0.372052
-0.371798
-0.371438
-0.370285
-0.369931
-0.369588
-0.368893
-0.368632
-0.368442
-0.368341
-0.368017
-0.367932
-0.36781
-0.367566
-0.367399
-0.367219
-0.366986
-0.366838
-0.366546
-0.366508
-0.366471
-0.366206
-0.365845
-0.365541
-0.365294
-0.365214
-0.365198
-0.365162
-0.364259
-0.363797
-0.363669
-0.363402
-0.363202
-0.363051
-0.362899
-0.362804
-0.362743
-0.362565
-0.361866
-0.361405
-0.361122
-0.360879
-0.360753
-0.360662
-0.360636
-0.360587
-0.360475
-0.36042
-0.359934
-0.358495
-0.35776
-0.357607
-0.357364
-0.357355
-0.357299
-0.356968
-0.356951
-0.356818
-0.356647
-0.356194
-0.354823
-0.354718
-0.354713
-0.354643
-0.354413
-0.354391
-0.354368
-0.354079
-0.353952
-0.353588
-0.353445
-0.353404
-0.353208
-0.353137
-0.35295
-0.352879
-0.352755
-0.352468
-0.35211
-0.352078
-0.3517
-0.351289
-0.351171
-0.351096
-0.350828
-0.350512
-0.350312
-0.350125
-0.350113
-0.349503
-0.348609
-0.348511
-0.348471
-0.348264
-0.348075
-0.34726
-0.346989
-0.346673
-0.346536
-0.346425
-0.346407
-0.346298
-0.345878
-0.34586
-0.34528
-0.344724
-0.344637
-0.343844
-0.343498
-0.343443
-0.343338
-0.34255
-0.34249
-0.342036
-0.341946
-0.341872
-0.34155
-0.341136
-0.340996
-0.340968
-0.340846
-0.340751
-0.339807
-0.339671
-0.33954
-0.339097
-0.338648
-0.337896
-0.33762
-0.33652
-0.336477
-0.336251
-0.336075
-0.335749
-0.334737
-0.334015
-0.33398
-0.333685
-0.332801
-0.332597
-0.332334
-0.332281
-0.332172
-0.332127
-0.332088
-0.331974
-0.331939
-0.331516
-0.331102
-0.330597
-0.330511
-0.330127
-0.330038
-0.329984
-0.329549
-0.32907
-0.328682
-0.328669
-0.328507
-0.328421
-0.328118
-0.32796
-0.32766
-0.327529
-0.327499
-0.327019
-0.326887
-0.326412
-0.325443
-0.325316
-0.325315
-0.325125
-0.325069
-0.325031
-0.324892
-0.324407
-0.323862
-0.323774
-0.323689
-0.323481
-0.323369
-0.322921
-0.322874
-0.32229
-0.32146
-0.321448
-0.321297
-0.32124
-0.321037
-0.320998
-0.320858
-0.320609
-0.320483
-0.320306
-0.319488
-0.31926
-0.319186
-0.319089
-0.318888
-0.318717
-0.31862
-0.318383
-0.318179
-0.318075
-0.317947
-0.31788
-0.317774
-0.317772
-0.317426
-0.317158
-0.316819
-0.316806
-0.316539
-0.31626
-0.315953
-0.315573
-0.31539
-0.314843
-0.314719
-0.314706
-0.314662
-0.314627
-0.314025
-0.314021
-0.313836
-0.313015
-0.312343
-0.312177
-0.312141
-0.311013
-0.310646
-0.310645
-0.310535
-0.309513
-0.309177
-0.308632
-0.308594
-0.308535
-0.308525
-0.308003
-0.307795
-0.307746
-0.307541
-0.307364
-0.307357
-0.306886
-0.306833
-0.306686
-0.306668
-0.30654
-0.30653
-0.306028
-0.305963
-0.305691
-0.305302
-0.304476
-0.304432
-0.304406
-0.303855
-0.303745
-0.303669
-0.303544
-0.303507
-0.30344
-0.303428
-0.3029
-0.301366
-0.300531
-0.300259
-0.300123
-0.300112
-0.299824
-0.299716
-0.299617
-0.29934
-0.299339
-0.299174
-0.298753
-0.298685
-0.298475
-0.298095
-0.297907
-0.297871
-0.296724
-0.29667
-0.295642
-0.295626
-0.295586
-0.295459
-0.295097
-0.295037
-0.294969
-0.29435
-0.293972
-0.293398
-0.293138
-0.292974
-0.292831
-0.29257
-0.292453
-0.292354
-0.291622
-0.291202
-0.291146
-0.291044
-0.290974
-0.290954
-0.29091
-0.290776
-0.290543
-0.289873
-0.289264
-0.288839
-0.288092
-0.287436
-0.287193
-0.287086
-0.286819
-0.286657
-0.286485
-0.286314
-0.285379
-0.285179
-0.284836
-0.284517
-0.283302
-0.282666
-0.282516
-0.282123
-0.282075
-0.281872
-0.281834
-0.281017
-0.280994
-0.280713
-0.280021
-0.279463
-0.279188
-0.279185
-0.278956
-0.278815
-0.278723
-0.27867
-0.278602
-0.278357
-0.278024
-0.277814
-0.277501
-0.276463
-0.2755
-0.275299
-0.275152
-0.274994
-0.274797
-0.274705
-0.27469
-0.274514
-0.274227
-0.274202
-0.274141
-0.273756
-0.273653
-0.273578
-0.273277
-0.272401
-0.271789
-0.271426
-0.271355
-0.271313
-0.271249
-0.271007
-0.270975
-0.270584
-0.270557
-0.270529
-0.270445
-0.270359
-0.270274
-0.270128
-0.269609
-0.26949
-0.269259
-0.268928
-0.268695
-0.268623
-0.268266
-0.267272
-0.266895
-0.266321
-0.266197
-0.266172
-0.265798
-0.265757
-0.26555
-0.265461
-0.265219
-0.264267
-0.264194
-0.264126
-0.264096
-0.264092
-0.2639
-0.263759
-0.263724
-0.263286
-0.263218
-0.262775
-0.262326
-0.262127
-0.261806
-0.261702
-0.261656
-0.261416
-0.260989
-0.260556
-0.260369
-0.26013
-0.260068
-0.260035
-0.259434
-0.25888
-0.257838
-0.257745
-0.257728
-0.257372
-0.257292
-0.25675
-0.25644
-0.25634
-0.255867
-0.255494
-0.255341
-0.255254
-0.255194
-0.254992
-0.254797
-0.254711
-0.25455
-0.254528
-0.25419
-0.25412
-0.253763
-0.253697
-0.253686
-0.253638
-0.253599
-0.253366
-0.25334
-0.252788
-0.25168
-0.251524
-0.25125
-0.250976
-0.250631
-0.250232
-0.250105
-0.249904
-0.248101
-0.247808
-0.247609
-0.247466
-0.247157
-0.246844
-0.246772
-0.246652
-0.246438
-0.246273
-0.245396
-0.245396
-0.245085
-0.244918
-0.244325
-0.244106
-0.243964
-0.243575
-0.243246
-0.243149
-0.242206
-0.241866
-0.241678
-0.241119
-0.240997
-0.24087
-0.240773
-0.240621
-0.240429
-0.240337
-0.240112
-0.239783
-0.239563
-0.239519
-0.239232
-0.238137
-0.237774
-0.237635
-0.237465
-0.236781
-0.236743
-0.236661
-0.236307
-0.236181
-0.236139
-0.236096
-0.236052
-0.23551
-0.235234
-0.235142
-0.23503
-0.234938
-0.233982
-0.233589
-0.233253
-0.233099
-0.232995
-0.232404
-0.232283
-0.232081
-0.231852
-0.231851
-0.23176
-0.231349
-0.231122
-0.231062
-0.23105
-0.230949
-0.230403
-0.230018
-0.229565
-0.22926
-0.229189
-0.228924
-0.228825
-0.228786
-0.22874
-0.228402
-0.227412
-0.227268
-0.227098
-0.226899
-0.226893
-0.226581
-0.226496
-0.226367
-0.225129
-0.224424
-0.224351
-0.224315
-0.2242
-0.223975
-0.223639
-0.223429
-0.223306
-0.222953
-0.222953
-0.222824
-0.222718
-0.222564
-0.222257
-0.221922
-0.221807
-0.221322
-0.221226
-0.220387
-0.220363
-0.219732
-0.219527
-0.218981
-0.218863
-0.21858
-0.217757
-0.217696
-0.217046
-0.216658
-0.216477
-0.216401
-0.21536
-0.2153
-0.2152
-0.215076
-0.214991
-0.214711
-0.214303
-0.214153
-0.214094
-0.213837
-0.213643
-0.213239
-0.213096
-0.212921
-0.211731
-0.211622
-0.210903
-0.210791
-0.210051
-0.210048
-0.209856
-0.209837
-0.209788
-0.20909
-0.208988
-0.208613
-0.208375
-0.208363
-0.208248
-0.207661
-0.207418
-0.207053
-0.206823
-0.206313
-0.205865
-0.205775
-0.205578
-0.205535
-0.205476
-0.20529
-0.205279
-0.205232
-0.204878
-0.2047
-0.204336
-0.204287
-0.203417
-0.202895
-0.202813
-0.20242
-0.202367
-0.201574
-0.20108
-0.199819
-0.199483
-0.19946
-0.199226
-0.199025
-0.198963
-0.198959
-0.198416
-0.198333
-0.198134
-0.19804
-0.1979
-0.197493
-0.197453
-0.197355
-0.197143
-0.197076
-0.196834
-0.196211
-0.195645
-0.195503
-0.195245
-0.194626
-0.194623
-0.194568
-0.194327
-0.194145
-0.193865
-0.1938
-0.19343
-0.193132
-0.193074
-0.192783
-0.192647
-0.191832
-0.19175
-0.191646
-0.19095
-0.190684
-0.190606
-0.190569
-0.190297
-0.190225
-0.190223
-0.189304
-0.189125
-0.188789
-0.188329
-0.188214
-0.187837
-0.18753
-0.187208
-0.187166
-0.187085
-0.186846
-0.186796
-0.186745
-0.18665
-0.186571
-0.186466
-0.185891
-0.185865
-0.185753
-0.185595
-0.185361
-0.184216
-0.183835
-0.182471
-0.181541
-0.18109
-0.18095
-0.180665
-0.180484
-0.180427
-0.180369
-0.180341
-0.180069
-0.179693
-0.179626
-0.179528
-0.179393
-0.178954
-0.178508
-0.178129
-0.178079
-0.177644
-0.177495
-0.177385
-0.17731
-0.1773
-0.177077
-0.177051
-0.177021
-0.176948
-0.176686
-0.176615
-0.176143
-0.17611
-0.175785
-0.175718
-0.175707
-0.175257
-0.174724
-0.174248
-0.17411
-0.173777
-0.17326
-0.172141
-0.172107
-0.171914
-0.171908
-0.171681
-0.171445
-0.171232
-0.170124
-0.169803
-0.169755
-0.169723
-0.169636
-0.169505
-0.169373
-0.169102
-0.168994
-0.168839
-0.168226
-0.168226
-0.16813
-0.168098
-0.168083
-0.168063
-0.167327
-0.16717
-0.166924
-0.166875
-0.166221
-0.165797
-0.165347
-0.165285
-0.164821
-0.164551
-0.164455
-0.164349
-0.164256
-0.1641
-0.163414
-0.162593
-0.162399
-0.162327
-0.162193
-0.162001
-0.161796
-0.160996
-0.160929
-0.160653
-0.160422
-0.160138
-0.159944
-0.159686
-0.159643
-0.159614
-0.159461
-0.15916
-0.159071
-0.158977
-0.158535
-0.158183
-0.15801
-0.157827
-0.157405
-0.15617
-0.156084
-0.156078
-0.156062
-0.155842
-0.155828
-0.155503
-0.155161
-0.154975
-0.154692
-0.154228
-0.154164
-0.154081
-0.15404
-0.153924
-0.153708
-0.153439
-0.153406
-0.153361
-0.152367
-0.152076
-0.151809
-0.151304
-0.151206
-0.150934
-0.150746
-0.150516
-0.150112
-0.149855
-0.149729
-0.149434
-0.149269
-0.148903
-0.148791
-0.148733
-0.148613
-0.148514
-0.148398
-0.148139
-0.147929
-0.147923
-0.147715
-0.147414
-0.147291
-0.147201
-0.146968
-0.146603
-0.145859
-0.145708
-0.145612
-0.145139
-0.144948
-0.144794
-0.144645
-0.144347
-0.144226
-0.14403
-0.143629
-0.143444
-0.143427
-0.143287
-0.143162
-0.142855
-0.142186
-0.141948
-0.141893
-0.141235
-0.140898
-0.140795
-0.140525
-0.140509
-0.140176
-0.140082
-0.139897
-0.13928
-0.139173
-0.139124
-0.139117
-0.138923
-0.13884
-0.138764
-0.138702
-0.138599
-0.138509
-0.13842
-0.138198
-0.138162
-0.138081
-0.137762
-0.13727
-0.136616
-0.136559
-0.136528
-0.13511
-0.134619
-0.134396
-0.133912
-0.13378
-0.133577
-0.133505
-0.132253
-0.132085
-0.131736
-0.131631
-0.131607
-0.131387
-0.13137
-0.13136
-0.130655
-0.129967
-0.129801
-0.129744
-0.129615
-0.1296
-0.129205
-0.128781
-0.12843
-0.128296
-0.128119
-0.127981
-0.127892
-0.127808
-0.127606
-0.127367
-0.127301
-0.127141
-0.127077
-0.126973
-0.12682
-0.126616
-0.126182
-0.125987
-0.125924
-0.125879
-0.125743
-0.125731
-0.125448
-0.125261
-0.124975
-0.124948
-0.124464
-0.124214
-0.123932
-0.123867
-0.123815
-0.123195
-0.123123
-0.122957
-0.12289
-0.122829
-0.122717
-0.122354
-0.122342
-0.122327
-0.122239
-0.12216
-0.122038
-0.12191
-0.121563
-0.121429
-0.121365
-0.120876
-0.120854
-0.120832
-0.120727
-0.120531
-0.120512
-0.119523
-0.119051
-0.118954
-0.118888
-0.118786
-0.118575
-0.118535
-0.118277
-0.117741
-0.117548
-0.117387
-0.117266
-0.116221
-0.116043
-0.115478
-0.115272
-0.115244
-0.115235
-0.115158
-0.114484
-0.114471
-0.114408
-0.114372
-0.114152
-0.113796
-0.113712
-0.113689
-0.113685
-0.113473
-0.1134
-0.113377
-0.113219
-0.113192
-0.11283
-0.112785
-0.112745
-0.112539
-0.112318
-0.112194
-0.111741
-0.111292
-0.111132
-0.11097
-0.110894
-0.110656
-0.110457
-0.110365
-0.11019
-0.110006
-0.109604
-0.109531
-0.109107
-0.107899
-0.10759
-0.107534
-0.105945
-0.105645
-0.104853
-0.104204
-0.10394
-0.10388
-0.10383
-0.103814
-0.103515
-0.103243
-0.103179
-0.102869
-0.102859
-0.102622
-0.102348
-0.10216
-0.101583
-0.101253
-0.100232
-0.0998879
-0.0998657
-0.0996749
-0.0996642
-0.0995148
-0.0994539
-0.0994242
-0.0987692
-0.098563
-0.0979337
-0.0978293
-0.0977878
-0.0976519
-0.0976369
-0.0975744
-0.0966529
-0.0960944
-0.0953297
-0.0952787
-0.0952201
-0.0950692
-0.0938265
-0.093717
-0.0932631
-0.0927816
-0.0925533
-0.0922493
-0.0922394
-0.0918112
-0.0916351
-0.0915858
-0.0910823
-0.090522
-0.0903383
-0.0903214
-0.0902784
-0.089734
-0.0896125
-0.0888286
-0.0887579
-0.0887476
-0.0886207
-0.0885113
-0.088478
-0.0881262
-0.0874813
-0.0874523
-0.0869793
-0.0869388
-0.0869381
-0.0862838
-0.0861906
-0.0861273
-0.0856622
-0.0855269
-0.0846259
-0.0839899
-0.083849
-0.0834217
-0.0830109
-0.0829113
-0.0820619
-0.0817145
-0.0816503
-0.0814954
-0.0811639
-0.0810578
-0.0808482
-0.0808057
-0.0807345
-0.0805239
-0.0803704
-0.0803616
-0.0803404
-0.0799412
-0.0794373
-0.079059
-0.0787028
-0.0785538
-0.0784211
-0.0782234
-0.0780988
-0.0780534
-0.0779496
-0.0777455
-0.0777009
-0.0776588
-0.0774094
-0.0771431
-0.0770557
-0.0768847
-0.0767255
-0.0767032
-0.076357
-0.0761545
-0.0760594
-0.0760357
-0.0758636
-0.0755122
-0.0755004
-0.0754273
-0.0749409
-0.0747922
-0.0744262
-0.0744031
-0.074202
-0.0741106
-0.0740328
-0.0736223
-0.0734833
-0.0733937
-0.0731072
-0.0730992
-0.0730472
-0.0728177
-0.0725304
-0.0721167
-0.0719926
-0.0718958
-0.07094
-0.0709349
-0.0704826
-0.0702262
-0.0698444
-0.0694343
-0.0690733
-0.0687381
-0.0680333
-0.0678217
-0.0677102
-0.0676607
-0.0669949
-0.0669768
-0.0665024
-0.0664774
-0.0655301
-0.0655269
-0.0653158
-0.0649381
-0.0648844
-0.0648055
-0.0639672
-0.0639289
-0.0638854
-0.0637236
-0.0637007
-0.0632355
-0.0630976
-0.0629865
-0.0628137
-0.0627308
-0.0625601
-0.0624269
-0.0621752
-0.0618544
-0.0615851
-0.0609708
-0.0607799
-0.0601098
-0.0601068
-0.0585709
-0.05855
-0.0572635
-0.0570865
-0.0569294
-0.0565697
-0.0563457
-0.0561132
-0.056058
-0.0560101
-0.0559283
-0.0549777
-0.0549413
-0.0548724
-0.0545296
-0.0544153
-0.0543534
-0.0542261
-0.0536779
-0.0534859
-0.0534571
-0.0530989
-0.0527741
-0.0527215
-0.0527171
-0.0524429
-0.0522309
-0.0520952
-0.051872
-0.0516944
-0.0516474
-0.0516234
-0.0514165
-0.0509031
-0.0507138
-0.0502917
-0.0502862
-0.0500118
-0.0499806
-0.0498453
-0.0493546
-0.0491823
-0.0489342
-0.0488302
-0.048576
-0.0482372
-0.0478407
-0.0475715
-0.0469645
-0.0467586
-0.0463881
-0.0463363
-0.0461608
-0.0459802
-0.0459446
-0.0455919
-0.0449987
-0.0444901
-0.0440448
-0.0440401
-0.0434127
-0.0432098
-0.0432064
-0.0430277
-0.0430086
-0.0428408
-0.0426122
-0.0425141
-0.0417848
-0.0417576
-0.0416175
-0.0414854
-0.0414473
-0.0412522
-0.0412239
-0.0411742
-0.04116
-0.0406982
-0.0402797
-0.0402559
-0.0397028
-0.0391657
-0.0391464
-0.038478
-0.0382762
-0.0379045
-0.0371351
-0.036805
-0.0366287
-0.0366282
-0.0360666
-0.0360023
-0.0359053
-0.0356413
-0.0355375
-0.035504
-0.0354215
-0.0352017
-0.035102
-0.03506
-0.0345934
-0.0342073
-0.0340537
-0.03396
-0.0329709
-0.0328147
-0.0322612
-0.0322503
-0.0321936
-0.0321479
-0.0319906
-0.0319168
-0.0315887
-0.0314339
-0.0309594
-0.0307861
-0.0304407
-0.0303053
-0.0302262
-0.029901
-0.0284605
-0.0283546
-0.0281943
-0.0273422
-0.0272432
-0.0268251
-0.0267775
-0.0264244
-0.0256447
-0.0252161
-0.0251717
-0.0235441
-0.0235407
-0.0230383
-0.0228857
-0.022849
-0.0221445
-0.0221313
-0.0220972
-0.0220295
-0.0215444
-0.021501
-0.0214807
-0.0209515
-0.0208226
-0.0206689
-0.0197686
-0.0193654
-0.0193336
-0.019205
-0.0181355
-0.0178671
-0.017391
-0.0170631
-0.0168651
-0.0167565
-0.0165177
-0.0164796
-0.0154604
-0.015321
-0.0153048
-0.0150468
-0.0147518
-0.0146065
-0.0146048
-0.0145601
-0.014528
-0.0143248
-0.0142869
-0.0138259
-0.0135532
-0.0134872
-0.0131963
-0.0131562
-0.012738
-0.0126316
-0.0124576
-0.0123773
-0.0121985
-0.0116077
-0.0116019
-0.0111565
-0.0111331
-0.0108915
-0.0108411
-0.0105279
-0.00902318
-0.00848079
-0.00839117
-0.00787881
-0.00720864
-0.00667492
-0.00589067
-0.0058548
-0.00568356
-0.00559886
-0.00515416
-0.00502286
-0.00496934
-0.00491072
-0.00484157
-0.00297466
-0.0029349
-0.00290845
-0.0028891
-0.00282221
-0.00274524
-0.00249026
-0.00244224
-0.00164471
-0.00149643
-0.00142672
-0.00124022
-0.000646644
-0.000599011
-0.000473484
-6.89344e-05
0.000216379
0.000570727
0.000772115
0.000782341
0.00131688
0.0016412
0.00174775
0.00175377
0.00229951
0.00268561
0.00273006
0.0029636
0.004018
0.0041464
0.00419365
0.00469027
0.00480707
0.00531702
0.00532047
0.00603562
0.00668228
0.00738211
0.00799539
0.00800024
0.00801379
0.00810061
0.00823148
0.00823943
0.00869354
0.00891976
0.00937626
0.00952164
0.00960816
0.0097583
0.0100102
0.0104682
0.0105825
0.0105854
0.0110372
0.0116367
0.0116434
0.0116645
0.0123779
0.0129523
0.0133229
0.0135139
0.013673
0.0139363
0.0147861
0.0149421
0.0153624
0.0153643
0.0156398
0.0157798
0.0158263
0.0161581
0.0162685
0.0164015
0.0168193
0.0171015
0.0174639
0.0180335
0.0182335
0.0182446
0.0185596
0.0185772
0.0185823
0.0187937
0.018879
0.0189934
0.0191387
0.0194864
0.0199458
0.0200799
0.0206811
0.0214513
0.0215954
0.0224042
0.0224211
0.0224632
0.0239151
0.0252779
0.025426
0.0255518
0.025685
0.0258453
0.0258515
0.0259426
0.0262477
0.0268695
0.0268866
0.0277421
0.0277604
0.0280515
0.0281331
0.0281912
0.0283546
0.0284932
0.028777
0.0291387
0.0295566
0.0296735
0.029862
0.0305286
0.0307537
0.0310414
0.0312762
0.0313116
0.0313332
0.0314483
0.0316461
0.0318725
0.032188
0.0322945
0.0332013
0.0332616
0.0333546
0.0333833
0.0337852
0.0338026
0.0339196
0.0340908
0.0343676
0.0344334
0.035007
0.035102
0.0355482
0.0357165
0.0357759
0.0359956
0.0363396
0.0364326
0.0368453
0.0369945
0.0373722
0.0374579
0.0375019
0.0375186
0.0376317
0.0379456
0.0381807
0.0382515
0.0385574
0.038767
0.0392234
0.0392944
0.0393712
0.0393876
0.0398963
0.0399036
0.0399735
0.040288
0.0407901
0.0408073
0.0409193
0.0412238
0.0412601
0.0423823
0.0424304
0.0432526
0.043542
0.0436058
0.0438078
0.0438817
0.0442313
0.0444089
0.0444359
0.0452951
0.045296
0.0453893
0.0457196
0.0458103
0.0458511
0.0462464
0.0464492
0.0465092
0.0466912
0.0469431
0.0471634
0.0474175
0.0478209
0.0479413
0.0480318
0.0482947
0.0484703
0.0486678
0.0489009
0.0490504
0.0493085
0.0493732
0.0495178
0.0497152
0.0498352
0.0499979
0.0503627
0.0504619
0.0506052
0.0510172
0.0511002
0.0512304
0.0513259
0.0513647
0.0513756
0.0513971
0.0515631
0.0518308
0.0518974
0.0521265
0.0523051
0.052519
0.0526655
0.0531013
0.0532262
0.053482
0.05366
0.0537279
0.0537468
0.0540163
0.0542446
0.0542991
0.0543023
0.054311
0.0544581
0.0545357
0.0547162
0.0547501
0.0555493
0.0555941
0.0558217
0.056063
0.056797
0.0568705
0.0570117
0.0571158
0.0571857
0.0572487
0.0575439
0.0578194
0.0582141
0.0583823
0.0588776
0.0590653
0.0590858
0.0591201
0.0592949
0.0593409
0.0595225
0.0595641
0.0597541
0.059947
0.0600335
0.0601463
0.0604069
0.060724
0.0611245
0.0615912
0.0618871
0.0620915
0.0626566
0.0628761
0.0633084
0.0634131
0.0634877
0.0640701
0.064202
0.0643058
0.0643539
0.0645531
0.0653336
0.0661008
0.0661664
0.066697
0.0671218
0.0674914
0.0675161
0.0681746
0.0682182
0.0682845
0.0688883
0.0689546
0.0698803
0.070153
0.0702662
0.0702929
0.071229
0.0712581
0.0713901
0.0714092
0.0714337
0.0717714
0.0717978
0.0719379
0.0721774
0.0723827
0.0735585
0.0742832
0.0743771
0.0745278
0.0746725
0.0749653
0.0752064
0.0761412
0.0761907
0.0762399
0.0764838
0.076689
0.0770184
0.0770899
0.0774646
0.0776427
0.0779021
0.0780885
0.0781157
0.0782171
0.0783448
0.0784564
0.0785035
0.0787243
0.0790453
0.080123
0.0801321
0.0802292
0.080661
0.0808751
0.0809892
0.0810608
0.0810877
0.081155
0.0813778
0.0814707
0.0816189
0.081765
0.0819074
0.0820467
0.0824579
0.0826441
0.0827419
0.0827844
0.0829389
0.0829547
0.0835087
0.0838253
0.0842057
0.0846478
0.0847826
0.0850321
0.085217
0.0852932
0.0853016
0.0854319
0.0858319
0.0862779
0.0868326
0.0870756
0.0880196
0.0881868
0.0883954
0.0885883
0.0889977
0.0891531
0.0893003
0.0895422
0.08959
0.089816
0.0903804
0.0906868
0.0907305
0.0907626
0.0909517
0.0910243
0.0910473
0.0910583
0.0915624
0.0916474
0.0920554
0.0922864
0.092852
0.0930847
0.0932257
0.0935742
0.094189
0.0944946
0.0948666
0.0953009
0.0961371
0.0962699
0.0964076
0.0964705
0.096535
0.0968126
0.0970532
0.0973549
0.0977446
0.0981211
0.098389
0.0984727
0.0991454
0.0997889
0.100143
0.100295
0.100711
0.100895
0.101446
0.101855
0.102367
0.102407
0.102772
0.1034
0.103763
0.103924
0.104232
0.104237
0.104596
0.104725
0.104797
0.105206
0.105296
0.105317
0.105576
0.105636
0.105737
0.105988
0.106079
0.10674
0.106886
0.106941
0.107438
0.107545
0.107703
0.107707
0.10772
0.107822
0.108107
0.108158
0.10827
0.108536
0.108605
0.10925
0.109251
0.109714
0.109946
0.109951
0.110483
0.111078
0.111084
0.111696
0.111761
0.111834
0.112113
0.112181
0.112246
0.11232
0.112569
0.112674
0.112692
0.113071
0.113078
0.113482
0.113549
0.11373
0.114003
0.114058
0.114344
0.114891
0.114915
0.115063
0.115227
0.115821
0.116093
0.116185
0.11632
0.116417
0.116867
0.117721
0.11808
0.118282
0.118779
0.119562
0.119668
0.119707
0.120122
0.120502
0.120894
0.120983
0.121144
0.121229
0.121397
0.12144
0.121469
0.121605
0.121736
0.121748
0.121948
0.122199
0.122329
0.122668
0.122867
0.123512
0.123658
0.123766
0.124059
0.124373
0.124584
0.124807
0.124982
0.125116
0.125249
0.125466
0.125805
0.126356
0.126606
0.126636
0.127055
0.127126
0.12735
0.127447
0.127587
0.127626
0.128178
0.128243
0.128269
0.128365
0.12856
0.12884
0.128882
0.12899
0.129575
0.129767
0.129776
0.129874
0.130059
0.130305
0.130309
0.130612
0.130625
0.130801
0.131154
0.131317
0.13191
0.132412
0.132564
0.132795
0.134086
0.1343
0.134505
0.134969
0.135138
0.135619
0.135662
0.135956
0.136067
0.136202
0.136293
0.136514
0.13661
0.136688
0.137131
0.137435
0.137957
0.138218
0.13825
0.13849
0.138776
0.138848
0.139741
0.140572
0.140752
0.140941
0.141084
0.141096
0.141475
0.142074
0.142101
0.142327
0.142343
0.142503
0.142698
0.142805
0.1429
0.143452
0.143755
0.143979
0.144358
0.144633
0.144926
0.14511
0.145401
0.145457
0.146526
0.147023
0.147615
0.147923
0.147948
0.148037
0.148947
0.149001
0.149105
0.14926
0.149356
0.149609
0.149667
0.149772
0.150407
0.150949
0.151122
0.151513
0.151612
0.151703
0.152128
0.15216
0.15264
0.152813
0.152887
0.153006
0.153036
0.153416
0.153842
0.153931
0.15408
0.154365
0.154407
0.154541
0.15513
0.155214
0.155234
0.155973
0.156107
0.156414
0.156507
0.157622
0.157893
0.158126
0.15822
0.158364
0.158393
0.159025
0.15957
0.160076
0.160466
0.16047
0.160578
0.16074
0.16097
0.160973
0.161162
0.161378
0.161473
0.161738
0.162031
0.16221
0.162499
0.16278
0.162853
0.163154
0.163232
0.163423
0.163549
0.164013
0.164053
0.164357
0.164619
0.164882
0.164885
0.164892
0.164972
0.165083
0.165417
0.165695
0.166429
0.166584
0.166844
0.166937
0.166965
0.167095
0.167266
0.167527
0.167771
0.168041
0.168142
0.168365
0.168769
0.169383
0.170435
0.170904
0.171284
0.171361
0.171371
0.171461
0.172334
0.173713
0.173737
0.1739
0.174138
0.174358
0.174467
0.174475
0.174841
0.174944
0.175117
0.175255
0.17587
0.176011
0.17617
0.176216
0.176674
0.177197
0.177838
0.177842
0.177866
0.177917
0.178765
0.179741
0.179841
0.179968
0.179971
0.180282
0.180398
0.180592
0.181181
0.181245
0.181307
0.181317
0.181425
0.181437
0.18147
0.181705
0.181811
0.182032
0.182283
0.182456
0.184499
0.184922
0.185139
0.186267
0.186347
0.18658
0.186778
0.186983
0.187029
0.187121
0.187152
0.187249
0.187464
0.187641
0.18781
0.187854
0.188159
0.188177
0.188325
0.188351
0.188615
0.189313
0.189521
0.1898
0.189898
0.190039
0.190091
0.190977
0.191013
0.191122
0.19118
0.19147
0.191526
0.191995
0.192329
0.192718
0.194382
0.194758
0.195182
0.195479
0.195683
0.195805
0.195868
0.196151
0.196376
0.196444
0.196474
0.196749
0.197571
0.197921
0.198623
0.199722
0.200497
0.200581
0.200869
0.201018
0.201338
0.201385
0.201604
0.201887
0.202017
0.202207
0.202208
0.202435
0.202454
0.202594
0.202631
0.202712
0.20327
0.203555
0.203756
0.203932
0.204021
0.204185
0.204355
0.204453
0.204669
0.204971
0.205206
0.205522
0.205921
0.205949
0.206238
0.206239
0.206255
0.206378
0.206692
0.206852
0.207131
0.207383
0.208006
0.208362
0.2084
0.208816
0.209209
0.209248
0.209587
0.209718
0.210179
0.210336
0.210524
0.210648
0.211342
0.21153
0.211951
0.212105
0.212144
0.21343
0.213436
0.213445
0.213472
0.213625
0.214018
0.214445
0.214868
0.214969
0.214979
0.215107
0.215281
0.215295
0.215991
0.21627
0.216531
0.216577
0.21681
0.216895
0.216965
0.217016
0.21753
0.217807
0.218342
0.218382
0.21843
0.218771
0.21886
0.218891
0.218977
0.21906
0.219204
0.21954
0.220187
0.220189
0.220549
0.220619
0.220714
0.220912
0.221177
0.221481
0.221495
0.221582
0.222044
0.222056
0.222183
0.222454
0.222552
0.222657
0.222674
0.222788
0.222927
0.223108
0.223115
0.223209
0.223395
0.22383
0.223997
0.224069
0.224275
0.224498
0.224708
0.224792
0.225131
0.225156
0.225166
0.225221
0.225401
0.225438
0.225546
0.225801
0.226163
0.2263
0.22641
0.22649
0.226661
0.226679
0.226682
0.226692
0.227579
0.227894
0.228475
0.229102
0.229613
0.229713
0.230158
0.230208
0.230716
0.230736
0.230756
0.230842
0.230999
0.231054
0.23112
0.231244
0.231757
0.231778
0.232551
0.232772
0.232774
0.232794
0.233213
0.233893
0.233914
0.234001
0.234303
0.234378
0.234716
0.234815
0.234934
0.235178
0.235358
0.235629
0.23584
0.236039
0.236149
0.236625
0.237006
0.237054
0.237294
0.237514
0.238154
0.238292
0.238698
0.238868
0.238899
0.239151
0.239183
0.239259
0.239402
0.239541
0.239586
0.239743
0.239743
0.23975
0.240216
0.240294
0.240693
0.240854
0.241058
0.241198
0.24183
0.241956
0.242092
0.24223
0.242322
0.242455
0.24265
0.242864
0.243052
0.243112
0.243585
0.243592
0.243621
0.243767
0.243963
0.244243
0.244335
0.244403
0.244878
0.245107
0.245335
0.245361
0.245494
0.245524
0.24565
0.245841
0.245933
0.24594
0.245983
0.246025
0.2464
0.246419
0.246747
0.246855
0.247105
0.247447
0.247549
0.247805
0.248004
0.248032
0.248979
0.249115
0.249459
0.249904
0.250013
0.250292
0.250387
0.250578
0.251534
0.251933
0.252193
0.252437
0.252687
0.252818
0.252912
0.253124
0.2532
0.253565
0.253634
0.253754
0.254269
0.25444
0.254716
0.254947
0.255081
0.255287
0.255359
0.255378
0.255548
0.255921
0.256108
0.256138
0.25647
0.256936
0.257107
0.257664
0.257935
0.257966
0.257969
0.258041
0.258132
0.258309
0.258381
0.259099
0.260053
0.260639
0.260808
0.260884
0.261044
0.261109
0.261137
0.261147
0.261421
0.26191
0.262198
0.262229
0.262368
0.262433
0.262608
0.264052
0.264137
0.264263
0.26445
0.26461
0.264801
0.265341
0.265704
0.266097
0.266241
0.266544
0.266678
0.266908
0.267515
0.267806
0.268128
0.268279
0.268442
0.268463
0.269311
0.269533
0.269755
0.269886
0.26996
0.270048
0.270144
0.270719
0.271224
0.271276
0.271671
0.271922
0.272094
0.272373
0.272396
0.272507
0.273382
0.273534
0.273556
0.273694
0.273707
0.273913
0.273975
0.2745
0.27452
0.275146
0.275596
0.275776
0.276046
0.276215
0.276244
0.276284
0.276485
0.276557
0.276614
0.276651
0.276739
0.276786
0.277061
0.278725
0.279047
0.2796
0.279691
0.279823
0.280074
0.280769
0.280934
0.280993
0.281109
0.281211
0.281435
0.281898
0.282053
0.282402
0.282481
0.283135
0.284226
0.28429
0.284534
0.284553
0.284914
0.285008
0.285067
0.285357
0.285527
0.28563
0.285835
0.285938
0.286033
0.286281
0.286677
0.286971
0.287703
0.288323
0.288642
0.288648
0.288804
0.288905
0.288918
0.289003
0.289476
0.28948
0.28955
0.289755
0.290003
0.290369
0.290406
0.290415
0.290661
0.29097
0.290994
0.291003
0.291081
0.291427
0.292118
0.292266
0.292496
0.293015
0.293329
0.295437
0.295935
0.296051
0.296877
0.297276
0.297839
0.29793
0.298192
0.298395
0.298508
0.298722
0.29939
0.300094
0.300743
0.300791
0.300813
0.301313
0.301373
0.301378
0.301738
0.301853
0.30279
0.303341
0.303545
0.304491
0.305224
0.305558
0.305718
0.305723
0.305783
0.306304
0.306731
0.306922
0.306996
0.306998
0.307212
0.307293
0.307725
0.30777
0.308234
0.309
0.309009
0.309016
0.309138
0.309538
0.309698
0.310038
0.310532
0.310628
0.310711
0.311134
0.3112
0.311626
0.311863
0.312005
0.312048
0.31233
0.31234
0.312443
0.312633
0.312816
0.3129
0.313289
0.313682
0.314455
0.31467
0.314685
0.314885
0.315186
0.315635
0.315648
0.31568
0.315773
0.316029
0.316122
0.316321
0.316439
0.317015
0.317258
0.317499
0.317652
0.318341
0.318581
0.31859
0.3188
0.319235
0.319395
0.319416
0.320055
0.320059
0.320549
0.320576
0.320771
0.320836
0.320898
0.321012
0.32138
0.321446
0.321967
0.322026
0.322069
0.322418
0.322448
0.322664
0.322829
0.32285
0.322946
0.323328
0.323479
0.323545
0.324005
0.324288
0.324318
0.324638
0.324659
0.325437
0.325776
0.325859
0.326106
0.326223
0.326506
0.32704
0.327924
0.328208
0.328315
0.329483
0.32952
0.329586
0.329667
0.329679
0.329722
0.330114
0.330478
0.330542
0.330584
0.330645
0.330805
0.331244
0.331618
0.332286
0.332675
0.332921
0.333239
0.333291
0.333525
0.333832
0.33388
0.334221
0.334581
0.334843
0.334913
0.335182
0.335608
0.335647
0.33568
0.335821
0.336573
0.336738
0.33697
0.337005
0.337159
0.337187
0.337402
0.337941
0.338133
0.338216
0.338292
0.338541
0.338805
0.338931
0.338987
0.339069
0.339507
0.339939
0.340154
0.340634
0.340789
0.340971
0.340985
0.341015
0.341421
0.341585
0.341893
0.342567
0.342608
0.342636
0.342874
0.343176
0.343344
0.343352
0.344038
0.344109
0.344516
0.344746
0.345091
0.345203
0.345223
0.345225
0.345551
0.345623
0.345677
0.346983
0.347515
0.347685
0.349296
0.349453
0.349786
0.349854
0.349964
0.350357
0.350359
0.35038
0.350458
0.35049
0.350533
0.350699
0.350843
0.351472
0.351573
0.351579
0.351769
0.352266
0.352551
0.352608
0.353347
0.353472
0.354288
0.354321
0.354486
0.35477
0.354838
0.35517
0.355186
0.355517
0.355783
0.355951
0.355993
0.356314
0.356492
0.356499
0.356748
0.356755
0.357442
0.357754
0.358071
0.359025
0.359588
0.360011
0.360213
0.360472
0.360886
0.360923
0.361295
0.361851
0.362058
0.362254
0.362616
0.362619
0.36282
0.363003
0.36314
0.363361
0.363595
0.364284
0.36435
0.364439
0.364476
0.364739
0.36498
0.365011
0.365153
0.365171
0.365176
0.365934
0.36656
0.366719
0.36696
0.367202
0.367262
0.367826
0.367837
0.367894
0.36792
0.367959
0.368196
0.36835
0.368424
0.368467
0.369121
0.369264
0.369269
0.369417
0.369766
0.370078
0.370472
0.370749
0.371044
0.371205
0.371447
0.371657
0.371721
0.371902
0.371922
0.372495
0.372555
0.372611
0.372828
0.372928
0.372998
0.373199
0.373332
0.373651
0.373735
0.37399
0.374162
0.374744
0.374928
0.375092
0.375198
0.377075
0.377337
0.377484
0.377693
0.377761
0.377907
0.378243
0.378825
0.378843
0.379141
0.379179
0.379331
0.38014
0.380455
0.380775
0.380893
0.381159
0.381484
0.381668
0.382003
0.382909
0.382964
0.382974
0.383338
0.383823
0.3839
0.384493
0.384554
0.384738
0.384828
0.384849
0.38485
0.385175
0.38541
0.385467
0.385544
0.386193
0.386428
0.386982
0.387161
0.387188
0.387757
0.387834
0.387901
0.388174
0.38824
0.388312
0.388401
0.388487
0.388607
0.389558
0.390128
0.390201
0.390264
0.390445
0.390631
0.390731
0.391397
0.391588
0.391964
0.392444
0.392789
0.393062
0.393521
0.393636
0.393821
0.394125
0.394368
0.394435
0.394769
0.39519
0.395245
0.395778
0.396396
0.396684
0.397183
0.3983
0.398397
0.398636
0.398838
0.398948
0.399734
0.399814
0.399997
0.400219
0.400495
0.400947
0.401194
0.401235
0.401805
0.402573
0.402787
0.403236
0.403256
0.403646
0.404094
0.40435
0.404624
0.405178
0.40533
0.405341
0.405668
0.40593
0.406669
0.407136
0.407337
0.407648
0.40798
0.408137
0.408553
0.409173
0.409443
0.409578
0.409592
0.40979
0.410133
0.410169
0.410613
0.41064
0.410845
0.411425
0.411656
0.411885
0.411986
0.412998
0.413133
0.413188
0.413255
0.413946
0.41395
0.4141
0.414753
0.414846
0.414961
0.415667
0.415978
0.416417
0.416517
0.416658
0.417046
0.417357
0.417455
0.418232
0.418269
0.418392
0.418431
0.418668
0.418751
0.419224
0.420087
0.420213
0.420793
0.421125
0.421443
0.421642
0.421705
0.421861
0.422292
0.422467
0.422523
0.422709
0.423221
0.423249
0.423328
0.42404
0.424449
0.424482
0.424685
0.425248
0.42563
0.425828
0.425988
0.42604
0.426341
0.427673
0.428116
0.428456
0.429376
0.429537
0.429828
0.429835
0.430166
0.431209
0.431987
0.432573
0.432942
0.433351
0.433482
0.433567
0.433579
0.433583
0.434354
0.434485
0.434601
0.434987
0.435006
0.435103
0.435901
0.436195
0.436435
0.436474
0.436714
0.436773
0.436813
0.436882
0.436887
0.436905
0.436945
0.436989
0.437532
0.437742
0.437958
0.438015
0.4381
0.43811
0.438897
0.439582
0.439946
0.44035
0.441293
0.441519
0.441519
0.441605
0.441776
0.442432
0.442618
0.442786
0.442973
0.443094
0.443338
0.443411
0.443475
0.443532
0.444218
0.444285
0.444919
0.444982
0.445328
0.445737
0.446058
0.446569
0.446657
0.446925
0.447013
0.447367
0.447427
0.447543
0.447745
0.448359
0.448405
0.448746
0.449372
0.449435
0.449658
0.449832
0.449858
0.451434
0.451539
0.452567
0.452799
0.453096
0.453123
0.453562
0.453959
0.454476
0.454742
0.454952
0.454973
0.455861
0.456363
0.456427
0.456714
0.456957
0.45769
0.458231
0.458484
0.458544
0.458642
0.458897
0.459347
0.459535
0.459742
0.460231
0.460598
0.460832
0.461232
0.462125
0.462253
0.462358
0.462676
0.462684
0.46273
0.462757
0.463066
0.463239
0.463746
0.463848
0.464262
0.464347
0.464414
0.465182
0.465232
0.465995
0.466684
0.467082
0.467323
0.467568
0.4678
0.46788
0.46791
0.468007
0.468332
0.468442
0.468791
0.468858
0.469076
0.470099
0.470246
0.470487
0.471117
0.471978
0.472528
0.472659
0.473672
0.473876
0.473882
0.473983
0.474216
0.474334
0.47453
0.474992
0.475212
0.475375
0.475942
0.476102
0.476182
0.476239
0.476991
0.477011
0.477448
0.477469
0.478184
0.47831
0.478349
0.47856
0.478763
0.47887
0.479237
0.479813
0.480385
0.480392
0.481052
0.481784
0.481977
0.482609
0.482912
0.482992
0.48318
0.483312
0.483878
0.483924
0.483959
0.484189
0.484756
0.484949
0.485492
0.485609
0.485653
0.485844
0.486013
0.486271
0.486413
0.487091
0.487428
0.488256
0.488406
0.489127
0.489413
0.489614
0.489774
0.489946
0.490287
0.490339
0.49044
0.491092
0.491093
0.491104
0.491258
0.491644
0.492007
0.492173
0.492207
0.492431
0.492535
0.492785
0.493105
0.493261
0.494046
0.494196
0.494307
0.494483
0.494589
0.494594
0.494664
0.494667
0.49477
0.495118
0.495505
0.495632
0.49565
0.496021
0.496171
0.496186
0.49643
0.497684
0.497762
0.498014
0.498147
0.498307
0.498541
0.498645
0.499227
0.499229
0.499321
0.49937
0.499607
0.500061
0.500189
0.500245
0.500355
0.500376
0.500462
0.501422
0.501702
0.501706
0.50217
0.502198
0.502741
0.50282
0.504102
0.504206
0.504254
0.504292
0.504348
0.504537
0.504643
0.505393
0.505622
0.505914
0.506297
0.506479
0.506495
0.506743
0.507606
0.507712
0.508013
0.508049
0.5087
0.50878
0.509565
0.50965
0.509686
0.509865
0.510116
0.510602
0.510866
0.510905
0.511224
0.511906
0.512054
0.512118
0.513034
0.51371
0.514099
0.514205
0.514238
0.514305
0.514392
0.515012
0.515276
0.515538
0.515993
0.516213
0.516547
0.516551
0.516661
0.516852
0.516921
0.516953
0.517072
0.517212
0.517805
0.518234
0.518509
0.518753
0.519208
0.519248
0.519558
0.519935
0.520019
0.520086
0.520165
0.52053
0.520553
0.520982
0.521074
0.521149
0.521154
0.521425
0.521932
0.521936
0.522521
0.522526
0.52255
0.522655
0.522932
0.523009
0.523258
0.523405
0.523444
0.523732
0.523938
0.524067
0.5243
0.524927
0.525155
0.525338
0.525803
0.525831
0.525925
0.526072
0.527066
0.52724
0.527313
0.528338
0.529909
0.530076
0.530138
0.530257
0.530513
0.531284
0.531319
0.53175
0.531833
0.532153
0.53297
0.533209
0.533217
0.533438
0.53344
0.533813
0.534316
0.534344
0.534926
0.535004
0.535116
0.535204
0.535591
0.536539
0.537135
0.537609
0.538872
0.539375
0.54011
0.540121
0.540413
0.540818
0.541398
0.541601
0.542131
0.542382
0.542388
0.542604
0.542836
0.543018
0.543301
0.543595
0.543913
0.544154
0.544203
0.544227
0.544335
0.544441
0.544654
0.544705
0.544709
0.544803
0.545329
0.545385
0.545599
0.545821
0.545918
0.545966
0.546489
0.546599
0.546684
0.546737
0.547029
0.547738
0.547796
0.548022
0.548861
0.549231
0.549237
0.549877
0.549927
0.550018
0.550364
0.550501
0.550677
0.551
0.551602
0.551637
0.551837
0.552534
0.552755
0.552854
0.553186
0.553601
0.553971
0.554119
0.554379
0.55441
0.554546
0.554973
0.555519
0.55556
0.556013
0.5561
0.556457
0.556848
0.557663
0.557704
0.557804
0.558046
0.558215
0.558267
0.560176
0.560472
0.560699
0.561844
0.56254
0.563882
0.563925
0.564054
0.564091
0.564875
0.565105
0.565362
0.565744
0.565928
0.5664
0.56725
0.567905
0.568924
0.568938
0.569157
0.569195
0.569574
0.569588
0.569643
0.56975
0.571137
0.57202
0.572147
0.572175
0.572374
0.5724
0.572561
0.572813
0.573101
0.573763
0.573903
0.574337
0.57441
0.574533
0.574548
0.575754
0.576458
0.576556
0.577143
0.577503
0.577529
0.578298
0.578394
0.578875
0.579043
0.579296
0.579615
0.579772
0.579914
0.58015
0.580495
0.580496
0.58069
0.58102
0.581099
0.581385
0.581487
0.5817
0.581811
0.581891
0.582647
0.58276
0.58321
0.583304
0.583346
0.583464
0.583989
0.584135
0.584882
0.585151
0.585236
0.585721
0.585872
0.586079
0.586419
0.586729
0.587162
0.587269
0.587291
0.587671
0.587696
0.588206
0.588247
0.588686
0.5887
0.589144
0.589259
0.589396
0.589431
0.589453
0.589505
0.589842
0.590236
0.590255
0.590395
0.591025
0.591402
0.591996
0.592073
0.592376
0.592386
0.59254
0.592704
0.593355
0.593944
0.594123
0.594203
0.59443
0.59466
0.594746
0.595332
0.595684
0.596528
0.597009
0.597174
0.597502
0.597786
0.59806
0.598471
0.598622
0.599059
0.599383
0.599546
0.599652
0.599773
0.599981
0.600084
0.600406
0.600414
0.600704
0.600758
0.601626
0.601891
0.602398
0.602576
0.602812
0.603193
0.603285
0.603318
0.603591
0.603653
0.604014
0.604441
0.604623
0.605352
0.605968
0.606549
0.606756
0.607011
0.607028
0.607135
0.607215
0.607548
0.60795
0.608779
0.609727
0.609827
0.610049
0.610718
0.61118
0.612077
0.612295
0.612607
0.613419
0.613468
0.613489
0.614345
0.614523
0.615411
0.61741
0.617605
0.617914
0.618133
0.61885
0.618891
0.619105
0.619494
0.619712
0.620056
0.620269
0.620427
0.620503
0.621369
0.622483
0.622621
0.623043
0.623349
0.623801
0.623879
0.624446
0.624719
0.624725
0.624728
0.624766
0.625113
0.625624
0.625886
0.625901
0.626976
0.627137
0.627159
0.62731
0.627937
0.628075
0.628272
0.628427
0.628528
0.628778
0.629292
0.63015
0.630319
0.630347
0.630439
0.630971
0.630993
0.631817
0.631969
0.631989
0.632344
0.6326
0.632756
0.632891
0.632894
0.633764
0.633807
0.633817
0.633945
0.634208
0.634249
0.6345
0.635045
0.635159
0.635211
0.635313
0.6355
0.635916
0.63621
0.637057
0.637246
0.637441
0.637669
0.63881
0.638843
0.639712
0.639854
0.640845
0.641099
0.641165
0.642011
0.642529
0.64267
0.643106
0.643183
0.643256
0.644213
0.644249
0.644255
0.644297
0.64497
0.644986
0.645052
0.645644
0.64584
0.646065
0.646746
0.647323
0.64755
0.648185
0.648253
0.64852
0.648991
0.649048
0.650187
0.650799
0.650821
0.650844
0.651209
0.651641
0.651758
0.652452
0.653316
0.653798
0.654241
0.654384
0.655182
0.655683
0.655861
0.656007
0.656029
0.656335
0.656338
0.656571
0.656718
0.656846
0.65702
0.65749
0.657953
0.658007
0.658379
0.658395
0.658399
0.658698
0.658865
0.659568
0.659841
0.660076
0.660904
0.661235
0.661355
0.661609
0.661622
0.661744
0.662119
0.662232
0.662682
0.662716
0.663076
0.663854
0.664256
0.66441
0.66481
0.664872
0.665003
0.665084
0.665093
0.665434
0.666655
0.666895
0.667324
0.667334
0.668508
0.66853
0.669403
0.669405
0.669502
0.669748
0.669749
0.669995
0.67047
0.670631
0.671021
0.671455
0.671539
0.671564
0.671694
0.672119
0.672189
0.672577
0.673075
0.673081
0.673467
0.673514
0.674035
0.674351
0.674531
0.675201
0.675263
0.675792
0.676175
0.676222
0.676886
0.676922
0.676942
0.677053
0.677757
0.677869
0.678222
0.678615
0.679118
0.679314
0.67942
0.679574
0.679972
0.680147
0.680366
0.68056
0.681177
0.681483
0.682015
0.682874
0.682954
0.683861
0.684236
0.684605
0.684874
0.68493
0.685301
0.68585
0.685896
0.686337
0.687136
0.687284
0.687302
0.687618
0.688087
0.688317
0.688357
0.688928
0.689034
0.689185
0.690071
0.690135
0.690295
0.690406
0.690591
0.690665
0.691885
0.692357
0.692448
0.692583
0.693439
0.694293
0.694663
0.694819
0.694873
0.695496
0.695718
0.695742
0.696813
0.696904
0.69695
0.697612
0.698453
0.698559
0.698687
0.699656
0.700123
0.700664
0.700704
0.703056
0.703423
0.70355
0.704566
0.704587
0.705716
0.706098
0.70653
0.706666
0.707405
0.7075
0.707945
0.70819
0.708611
0.708836
0.709029
0.709193
0.709638
0.710025
0.710453
0.710776
0.710831
0.710935
0.711279
0.711797
0.713315
0.713374
0.713382
0.71362
0.714273
0.714447
0.714979
0.715169
0.715196
0.715452
0.715726
0.716133
0.716575
0.716799
0.71737
0.717922
0.718422
0.718716
0.718718
0.718728
0.718903
0.719337
0.71942
0.71956
0.719935
0.720144
0.720215
0.720405
0.721291
0.721298
0.721606
0.722164
0.722168
0.722391
0.723463
0.723549
0.724038
0.725161
0.725412
0.725613
0.725669
0.725836
0.725886
0.725958
0.726245
0.726319
0.726878
0.728061
0.728879
0.729935
0.730226
0.73028
0.73046
0.730638
0.730874
0.7309
0.73195
0.732946
0.733123
0.733218
0.733653
0.734134
0.734322
0.734525
0.734989
0.734998
0.735187
0.735197
0.736818
0.736948
0.737725
0.739132
0.740781
0.740876
0.741202
0.742424
0.743308
0.744102
0.745029
0.745067
0.745187
0.745854
0.745946
0.746359
0.746524
0.746608
0.747345
0.747724
0.747822
0.748032
0.748144
0.748216
0.748256
0.748366
0.748979
0.749243
0.749324
0.749799
0.750087
0.750575
0.750906
0.751885
0.751966
0.752044
0.752384
0.752629
0.753309
0.753507
0.75351
0.753812
0.754016
0.754574
0.754806
0.754859
0.754892
0.75507
0.755189
0.755406
0.755864
0.756023
0.756478
0.757409
0.757534
0.759665
0.759956
0.760498
0.760633
0.760821
0.760847
0.761212
0.7618
0.761923
0.762043
0.762443
0.762457
0.762507
0.762643
0.762782
0.763097
0.763715
0.764817
0.765246
0.765266
0.766157
0.766695
0.767096
0.767173
0.767324
0.767464
0.768186
0.768324
0.768587
0.768664
0.769508
0.769945
0.770432
0.771243
0.771784
0.771896
0.77193
0.772281
0.772293
0.772495
0.772877
0.772882
0.773109
0.773213
0.773555
0.7737
0.773777
0.773864
0.773886
0.774104
0.774325
0.774867
0.775704
0.77598
0.776253
0.776567
0.776819
0.77682
0.777122
0.778141
0.778176
0.778671
0.779175
0.779763
0.780282
0.780297
0.780341
0.78123
0.781445
0.781461
0.781858
0.782185
0.783052
0.783073
0.783373
0.783706
0.783938
0.784102
0.784146
0.785119
0.785309
0.785673
0.785739
0.785843
0.786821
0.787016
0.787469
0.787672
0.788051
0.788229
0.78848
0.789246
0.789809
0.789911
0.790157
0.790433
0.790955
0.791726
0.792375
0.792478
0.792653
0.792897
0.793075
0.793466
0.794361
0.794639
0.795517
0.795646
0.797002
0.798312
0.798882
0.799474
0.799738
0.799796
0.799895
0.800089
0.801251
0.801707
0.801887
0.802318
0.802475
0.802594
0.803109
0.803954
0.804079
0.804198
0.804503
0.805592
0.805652
0.805962
0.80618
0.806662
0.807706
0.808091
0.808504
0.809105
0.809383
0.809408
0.809648
0.81003
0.810194
0.810756
0.810841
0.810956
0.811494
0.811841
0.812433
0.813129
0.813414
0.814326
0.81469
0.815005
0.815333
0.815342
0.815629
0.815972
0.816526
0.817143
0.817829
0.818999
0.819511
0.819917
0.820214
0.82123
0.821285
0.821697
0.822083
0.823126
0.824164
0.824698
0.824813
0.82511
0.825583
0.826759
0.827271
0.827641
0.827693
0.827766
0.828159
0.828299
0.82843
0.828785
0.82883
0.828991
0.829335
0.829502
0.829673
0.829883
0.830026
0.83151
0.831704
0.831826
0.831925
0.832119
0.832253
0.832629
0.832632
0.832801
0.833646
0.833826
0.834021
0.834285
0.83442
0.834492
0.834624
0.834738
0.834749
0.835123
0.835449
0.835574
0.83592
0.836026
0.836258
0.836265
0.836413
0.837421
0.837519
0.837553
0.83757
0.837698
0.838012
0.838151
0.838897
0.839302
0.839924
0.840102
0.840246
0.840556
0.840796
0.840933
0.840996
0.841116
0.841139
0.841228
0.841567
0.841655
0.841675
0.841907
0.841981
0.842734
0.842795
0.842807
0.843161
0.843304
0.843499
0.843553
0.843736
0.843846
0.844553
0.845245
0.84528
0.845401
0.845852
0.845875
0.845878
0.846417
0.846711
0.846898
0.846917
0.847016
0.847279
0.847328
0.847774
0.848896
0.849263
0.84945
0.849568
0.849669
0.850214
0.850528
0.850859
0.851306
0.851724
0.851978
0.852133
0.852306
0.852528
0.852857
0.852872
0.854302
0.854341
0.854385
0.854517
0.854599
0.854996
0.855074
0.855464
0.856495
0.857164
0.857422
0.857437
0.857446
0.858341
0.85893
0.85981
0.860229
0.860603
0.860745
0.86143
0.861522
0.862269
0.862428
0.862721
0.862802
0.863034
0.863508
0.863629
0.863781
0.863867
0.864669
0.864971
0.865206
0.865805
0.866196
0.866637
0.867011
0.867162
0.867268
0.867657
0.869149
0.86963
0.869856
0.870156
0.870296
0.870473
0.870584
0.870728
0.870779
0.871296
0.871334
0.8718
0.87245
0.872689
0.872718
0.873178
0.87338
0.873381
0.873505
0.873957
0.874006
0.874947
0.875623
0.875653
0.876189
0.876572
0.87676
0.877024
0.877223
0.877364
0.877447
0.877659
0.877665
0.877982
0.878527
0.880129
0.880132
0.880635
0.881271
0.881423
0.883049
0.883309
0.883474
0.8838
0.883843
0.884117
0.88433
0.884889
0.885269
0.885394
0.885647
0.886869
0.886885
0.887328
0.887404
0.887894
0.888701
0.889588
0.889743
0.889792
0.890291
0.890783
0.890986
0.89116
0.891531
0.89186
0.891872
0.891961
0.892109
0.893866
0.894073
0.894173
0.894302
0.894587
0.894631
0.894671
0.894787
0.895364
0.895671
0.895936
0.895954
0.896125
0.896439
0.896683
0.897089
0.897158
0.897658
0.898228
0.89828
0.898462
0.898715
0.898849
0.899065
0.899649
0.900015
0.901308
0.901727
0.902111
0.90294
0.903343
0.903836
0.904296
0.90473
0.904814
0.905476
0.905484
0.907003
0.907104
0.907338
0.907453
0.907595
0.907603
0.908531
0.908776
0.909831
0.910146
0.910169
0.910337
0.911058
0.911654
0.91171
0.911735
0.912092
0.912391
0.912478
0.912825
0.912986
0.913379
0.914182
0.914314
0.915872
0.916151
0.916544
0.916708
0.91699
0.917266
0.917303
0.917441
0.917715
0.919226
0.91929
0.921135
0.921145
0.921242
0.924436
0.924678
0.924983
0.925649
0.92618
0.92622
0.926412
0.926666
0.927325
0.927758
0.927838
0.928855
0.929162
0.929183
0.92965
0.930738
0.930856
0.931498
0.931806
0.931886
0.931987
0.932464
0.932808
0.932978
0.933298
0.933553
0.93408
0.934299
0.934393
0.934525
0.935363
0.935454
0.93579
0.935975
0.936585
0.936674
0.938018
0.938955
0.939016
0.939114
0.93977
0.939798
0.94027
0.940758
0.941053
0.942434
0.942511
0.942667
0.943253
0.943489
0.944179
0.944208
0.944829
0.944976
0.945012
0.945931
0.946348
0.948131
0.948222
0.948439
0.948789
0.948849
0.948899
0.950759
0.951277
0.951472
0.951721
0.951938
0.952169
0.952296
0.952486
0.952943
0.953224
0.95334
0.953512
0.953548
0.953698
0.954799
0.954828
0.955206
0.956821
0.95747
0.957924
0.958104
0.958614
0.958634
0.958988
0.959047
0.959324
0.95992
0.96054
0.961946
0.961976
0.96205
0.9622
0.9631
0.963127
0.963192
0.963503
0.963661
0.964033
0.964188
0.964679
0.964856
0.966289
0.966614
0.966826
0.967086
0.9681
0.969448
0.9697
0.970083
0.970284
0.970821
0.97122
0.971486
0.971926
0.972519
0.973049
0.9732
0.973288
0.973641
0.973708
0.974339
0.974596
0.974961
0.975019
0.976434
0.97665
0.976917
0.977673
0.978067
0.97858
0.978833
0.979567
0.980669
0.981149
0.981401
0.98204
0.982666
0.983339
0.983493
0.983532
0.98374
0.983975
0.984201
0.984423
0.985327
0.986014
0.98657
0.986896
0.987227
0.987229
0.98777
0.989669
0.99203
0.992494
0.993012
0.993116
0.994381
0.994583
0.995005
0.995051
0.995447
0.995457
0.995583
0.995748
0.995968
0.997012
0.99703
0.997468
0.997655
0.997656
0.99805
0.998808
0.999158
0.999711
1.00033
1.00111
1.0012
1.00147
1.00157
1.00197
1.00202
1.00239
1.00284
1.00308
1.00373
1.00476
1.0056
1.00583
1.00591
1.00602
1.00603
1.0064
1.00677
1.00756
1.00772
1.00774
1.00796
1.00797
1.0081
1.00912
1.00943
1.0096
1.01067
1.01084
1.01085
1.01105
1.01147
1.01157
1.01168
1.01184
1.01257
1.01258
1.0128
1.0136
1.01422
1.01507
1.01518
1.01552
1.01598
1.01629
1.01654
1.01674
1.01784
1.01795
1.01804
1.01861
1.01938
1.0195
1.01964
1.0197
1.01999
1.02023
1.02083
1.02154
1.02209
1.02229
1.02278
1.02332
1.02363
1.02365
1.02401
1.02425
1.02426
1.02502
1.02536
1.02551
1.02559
1.0261
1.0263
1.02746
1.0277
1.02785
1.02898
1.029
1.02907
1.02916
1.02926
1.02943
1.02975
1.02978
1.02988
1.03012
1.03014
1.03049
1.03052
1.03057
1.03141
1.03166
1.03226
1.03254
1.0331
1.03316
1.03318
1.0341
1.03434
1.03516
1.0357
1.03578
1.03593
1.03606
1.03649
1.03687
1.03761
1.03779
1.03782
1.03832
1.03845
1.03869
1.04051
1.041
1.04139
1.04141
1.04184
1.04266
1.04301
1.04313
1.04395
1.04395
1.0441
1.0452
1.04551
1.04811
1.04873
1.04879
1.04885
1.05233
1.05242
1.05254
1.05323
1.05331
1.05368
1.05397
1.05403
1.05417
1.05439
1.05492
1.05514
1.05515
1.05539
1.05545
1.05605
1.05624
1.05638
1.05712
1.05786
1.05797
1.05812
1.05821
1.0588
1.05998
1.06026
1.06049
1.06098
1.06125
1.06426
1.06429
1.06471
1.06489
1.06725
1.06786
1.06789
1.06831
1.0688
1.0691
1.06956
1.07032
1.07041
1.07058
1.07153
1.07166
1.07174
1.07189
1.0719
1.07232
1.07244
1.07333
1.07341
1.07346
1.07365
1.07369
1.07382
1.07419
1.0749
1.07515
1.07603
1.07607
1.07619
1.07635
1.07669
1.07711
1.07715
1.07812
1.07827
1.07862
1.07878
1.07891
1.07938
1.07966
1.07976
1.08072
1.08111
1.08193
1.08298
1.08298
1.0833
1.08344
1.08462
1.08468
1.08473
1.08474
1.08544
1.08576
1.08609
1.08821
1.08836
1.08869
1.08909
1.08994
1.09019
1.09069
1.09076
1.09118
1.09123
1.0913
1.09137
1.09261
1.09301
1.09345
1.09413
1.09435
1.09463
1.09485
1.09557
1.0957
1.09665
1.09678
1.09707
1.09798
1.09835
1.09892
1.09949
1.09988
1.09996
1.10025
1.10053
1.10054
1.10231
1.10253
1.10316
1.10351
1.10398
1.10414
1.1044
1.10443
1.10453
1.10467
1.10479
1.10516
1.10521
1.1054
1.10553
1.10654
1.1069
1.10769
1.10819
1.10951
1.10976
1.10979
1.10999
1.11012
1.11158
1.11266
1.11267
1.11378
1.11438
1.11478
1.11492
1.11565
1.11744
1.11749
1.11752
1.11802
1.11804
1.11814
1.11822
1.11882
1.11973
1.11998
1.1202
1.12051
1.12216
1.12259
1.12295
1.12393
1.12431
1.12639
1.12746
1.1276
1.12827
1.12853
1.12862
1.12955
1.1299
1.13114
1.13338
1.13395
1.13469
1.1347
1.13475
1.13497
1.13637
1.13673
1.13691
1.13714
1.13746
1.13794
1.13799
1.13828
1.13849
1.13896
1.14049
1.14058
1.14114
1.14118
1.14161
1.14162
1.14319
1.14326
1.14374
1.14405
1.14416
1.14489
1.14504
1.14519
1.14546
1.14644
1.14721
1.14771
1.14789
1.1481
1.14816
1.14829
1.15034
1.15151
1.15261
1.15289
1.15326
1.1533
1.15389
1.1542
1.15445
1.15539
1.15652
1.15662
1.1569
1.15725
1.15753
1.15754
1.15817
1.1583
1.15888
1.15943
1.15952
1.16044
1.16061
1.16148
1.16159
1.16195
1.16203
1.16252
1.16323
1.16348
1.16352
1.16419
1.16439
1.165
1.16508
1.16685
1.16737
1.16744
1.16747
1.16761
1.1681
1.16842
1.16895
1.17006
1.17115
1.17144
1.1721
1.1728
1.1728
1.17398
1.17403
1.17415
1.17429
1.17529
1.17595
1.17617
1.17668
1.17693
1.17717
1.17721
1.1775
1.17822
1.1783
1.17838
1.17925
1.18019
1.18034
1.18061
1.18095
1.18117
1.18282
1.18332
1.18356
1.18393
1.18434
1.18506
1.18517
1.18551
1.18616
1.18751
1.18779
1.18876
1.1889
1.18926
1.18999
1.19079
1.19118
1.19183
1.19235
1.19253
1.19271
1.1929
1.19296
1.19363
1.19411
1.19413
1.19423
1.19451
1.19463
1.19477
1.19512
1.1953
1.19566
1.19572
1.19629
1.19753
1.199
1.19987
1.20007
1.20028
1.20036
1.20076
1.20261
1.20319
1.20335
1.20383
1.20454
1.20492
1.20556
1.20746
1.20759
1.20785
1.20833
1.20887
1.20892
1.20901
1.20925
1.2104
1.21205
1.21218
1.2122
1.2123
1.21231
1.21232
1.21268
1.21276
1.21307
1.21326
1.21368
1.21398
1.21466
1.21468
1.21545
1.21745
1.21815
1.21882
1.22004
1.22019
1.22033
1.22046
1.22298
1.22307
1.22358
1.22395
1.22416
1.22468
1.22712
1.22756
1.22829
1.22834
1.22845
1.22854
1.22873
1.22901
1.22971
1.22972
1.22989
1.23163
1.23225
1.23292
1.23332
1.23338
1.23352
1.23386
1.23486
1.23493
1.23532
1.23691
1.23738
1.23762
1.23768
1.23773
1.23854
1.23883
1.23887
1.23942
1.23951
1.23956
1.23987
1.24094
1.24218
1.2423
1.24268
1.24282
1.24295
1.2432
1.2446
1.24532
1.24599
1.24631
1.24771
1.24868
1.2493
1.2496
1.25007
1.25102
1.25181
1.25215
1.25436
1.25449
1.25648
1.25834
1.25885
1.25886
1.25997
1.25999
1.26025
1.2604
1.26078
1.26278
1.26325
1.26436
1.26447
1.26509
1.26532
1.26656
1.26668
1.26681
1.26753
1.26784
1.26813
1.26827
1.27002
1.27032
1.27122
1.27136
1.27163
1.27348
1.27353
1.27361
1.27492
1.27533
1.27658
1.27679
1.27684
1.27694
1.27778
1.27816
1.27837
1.27863
1.27887
1.27908
1.27922
1.28061
1.28229
1.28305
1.28351
1.28388
1.28533
1.28562
1.28722
1.28796
1.28804
1.28826
1.28895
1.2893
1.29033
1.29093
1.2911
1.29248
1.29325
1.29355
1.29393
1.29409
1.29528
1.29542
1.29543
1.29654
1.29709
1.29761
1.29778
1.29808
1.2991
1.2992
1.29956
1.30059
1.30064
1.30084
1.30129
1.30312
1.3035
1.30367
1.30382
1.30518
1.30554
1.30677
1.30838
1.30879
1.30895
1.30906
1.30952
1.31058
1.31193
1.31226
1.31226
1.31335
1.31542
1.31568
1.31607
1.31637
1.31643
1.31658
1.31666
1.31667
1.31672
1.31751
1.32
1.32055
1.32133
1.32197
1.32266
1.32452
1.32524
1.32562
1.32564
1.32587
1.3263
1.32734
1.32788
1.32804
1.32831
1.32843
1.32927
1.32981
1.32996
1.33002
1.33054
1.33221
1.3342
1.335
1.33504
1.33534
1.33542
1.33601
1.33606
1.33695
1.33738
1.33825
1.34034
1.34056
1.34085
1.34137
1.34144
1.34215
1.34216
1.34269
1.34285
1.34361
1.34394
1.34433
1.34509
1.34525
1.34691
1.34806
1.34898
1.35019
1.35029
1.35077
1.35163
1.35192
1.35228
1.35235
1.35302
1.35341
1.35393
1.35459
1.35496
1.35532
1.35648
1.35761
1.35825
1.35856
1.35857
1.35957
1.35963
1.35982
1.35987
1.36019
1.36057
1.36083
1.36222
1.36271
1.36371
1.36405
1.36446
1.36469
1.36735
1.3677
1.36855
1.36877
1.36986
1.37058
1.37176
1.37414
1.37422
1.37443
1.37452
1.37462
1.37464
1.37586
1.37676
1.37878
1.37919
1.37951
1.3817
1.38272
1.38307
1.3835
1.38389
1.38411
1.3869
1.38696
1.38698
1.38762
1.38764
1.38882
1.3901
1.3908
1.39127
1.39152
1.39178
1.39512
1.39626
1.39647
1.39968
1.39978
1.40027
1.40056
1.40149
1.40194
1.40202
1.40297
1.40314
1.40375
1.40496
1.40516
1.40756
1.40757
1.40779
1.40805
1.40848
1.40916
1.40979
1.41074
1.41102
1.41156
1.41262
1.41289
1.41443
1.41595
1.41658
1.41768
1.41791
1.41874
1.41922
1.42043
1.42072
1.4208
1.42318
1.42354
1.42493
1.42509
1.42555
1.42573
1.42579
1.42692
1.42794
1.42815
1.42821
1.42842
1.42892
1.43108
1.43146
1.43158
1.43199
1.43231
1.43302
1.43336
1.43429
1.43491
1.43558
1.43639
1.43652
1.43856
1.43873
1.43888
1.43936
1.44015
1.4414
1.44304
1.44545
1.44587
1.44619
1.44691
1.44766
1.44836
1.44867
1.44909
1.45007
1.45059
1.45156
1.45208
1.4521
1.45264
1.45436
1.45461
1.45533
1.45546
1.45572
1.4568
1.45714
1.45749
1.45813
1.45841
1.46025
1.46057
1.46173
1.46275
1.46284
1.46287
1.46327
1.46355
1.46356
1.46373
1.46637
1.46638
1.46668
1.46751
1.4677
1.46806
1.46842
1.46912
1.46921
1.4706
1.47081
1.4712
1.47139
1.47149
1.474
1.47697
1.47821
1.47871
1.47886
1.48051
1.4807
1.4818
1.48421
1.4845
1.48707
1.4887
1.48906
1.48939
1.4895
1.48952
1.48982
1.49277
1.49344
1.49346
1.49351
1.49533
1.49721
1.49744
1.49794
1.49878
1.49946
1.50055
1.50113
1.50155
1.50197
1.50223
1.5024
1.50359
1.50525
1.50598
1.50753
1.50794
1.50823
1.50838
1.50955
1.51036
1.51049
1.51096
1.51181
1.5126
1.51266
1.51287
1.51308
1.5137
1.51612
1.51742
1.51745
1.51793
1.51891
1.5194
1.52078
1.52201
1.52239
1.52306
1.52354
1.52412
1.52466
1.52705
1.52762
1.52801
1.52898
1.52939
1.53029
1.53306
1.53306
1.53386
1.53394
1.53404
1.53471
1.536
1.53703
1.53735
1.53848
1.53849
1.53896
1.53904
1.54026
1.54058
1.54223
1.54242
1.54322
1.54372
1.54397
1.54443
1.54515
1.54825
1.54986
1.54999
1.55
1.55014
1.55027
1.5509
1.5509
1.55115
1.55179
1.55285
1.55413
1.55648
1.55708
1.55753
1.55974
1.56021
1.56118
1.56136
1.56312
1.5643
1.5648
1.56518
1.56527
1.56529
1.56585
1.5668
1.5678
1.56861
1.56863
1.57027
1.57036
1.57053
1.573
1.57381
1.57481
1.5773
1.57769
1.57867
1.57905
1.58037
1.58078
1.58091
1.58192
1.58247
1.58346
1.58615
1.58628
1.58736
1.5893
1.58936
1.59019
1.59191
1.59325
1.59445
1.59456
1.59524
1.59567
1.59653
1.59682
1.59699
1.59714
1.59893
1.60058
1.6008
1.60119
1.6017
1.60233
1.60236
1.60384
1.60772
1.60774
1.60813
1.60858
1.61204
1.6129
1.61638
1.61673
1.61678
1.61846
1.61947
1.61969
1.62076
1.62121
1.62161
1.62287
1.62308
1.62472
1.62603
1.62631
1.62695
1.62954
1.63182
1.63421
1.63439
1.63555
1.6378
1.6381
1.6383
1.63863
1.64114
1.64239
1.64413
1.64552
1.64803
1.64965
1.64981
1.65149
1.65169
1.65191
1.65226
1.6526
1.65349
1.6559
1.65596
1.65655
1.65686
1.65816
1.66066
1.66385
1.66566
1.66602
1.66718
1.66894
1.66902
1.67019
1.67297
1.67321
1.67345
1.67356
1.67373
1.67618
1.67662
1.67818
1.67836
1.67877
1.67887
1.67903
1.68107
1.68149
1.68667
1.68866
1.68951
1.69183
1.69216
1.69281
1.69338
1.69409
1.69469
1.69503
1.69835
1.69978
1.70266
1.70333
1.70608
1.70663
1.70666
1.70739
1.70763
1.70821
1.711
1.71116
1.71126
1.71164
1.71209
1.71463
1.71768
1.71866
1.7192
1.71926
1.72026
1.72125
1.72389
1.72437
1.72548
1.72719
1.73074
1.73329
1.73517
1.73524
1.73751
1.73966
1.74284
1.74369
1.74371
1.74423
1.74722
1.74751
1.74767
1.7494
1.74953
1.74996
1.75028
1.75097
1.75332
1.75627
1.75665
1.75701
1.75721
1.75798
1.75843
1.75895
1.76
1.76012
1.7606
1.76081
1.76158
1.76251
1.76305
1.76311
1.76679
1.7681
1.76811
1.77067
1.77122
1.77208
1.77258
1.77373
1.77601
1.77663
1.7776
1.77803
1.7787
1.77948
1.78069
1.78427
1.78506
1.78568
1.78881
1.79328
1.79481
1.79536
1.79695
1.7975
1.79867
1.80066
1.80746
1.80785
1.80904
1.80987
1.81032
1.81202
1.81236
1.8159
1.81747
1.81833
1.81965
1.81969
1.82178
1.8253
1.82607
1.82689
1.82806
1.83288
1.8356
1.83616
1.84018
1.84026
1.84169
1.84372
1.84425
1.84541
1.84549
1.84553
1.84555
1.84815
1.84823
1.84891
1.84932
1.85631
1.8565
1.85717
1.85744
1.85777
1.85801
1.85879
1.86249
1.86505
1.86616
1.86983
1.87085
1.87176
1.8722
1.87413
1.87506
1.87594
1.87653
1.87754
1.88016
1.88023
1.88259
1.88422
1.88434
1.89226
1.89248
1.89569
1.89711
1.89977
1.9001
1.90231
1.90262
1.90435
1.91001
1.91012
1.91167
1.9118
1.91244
1.91332
1.91553
1.91923
1.92017
1.92248
1.92249
1.92303
1.9238
1.92708
1.93004
1.9307
1.93613
1.93778
1.9386
1.93966
1.94174
1.94362
1.94896
1.95103
1.9529
1.95296
1.95386
1.95679
1.95806
1.95826
1.95837
1.95842
1.95941
1.96056
1.96072
1.96225
1.96292
1.96612
1.96927
1.9703
1.97038
1.97091
1.97217
1.97254
1.9756
1.9757
1.97659
1.98028
1.98299
1.98355
1.98359
1.98494
1.98496
1.98626
1.98673
1.98752
1.98773
1.99082
1.99248
1.99452
1.99671
1.99957
2.02188
2.02257
2.02562
2.02581
2.02739
2.03042
2.03631
2.03723
2.03829
2.03949
2.03989
2.04286
2.04462
2.04615
2.04838
2.05079
2.05211
2.0528
2.05298
2.0542
2.05441
2.05551
2.05581
2.05597
2.05629
2.05658
2.06368
2.0667
2.06865
2.06952
2.06986
2.07255
2.07605
2.08155
2.08986
2.09065
2.09243
2.09445
2.09665
2.10276
2.10463
2.11204
2.11352
2.11388
2.12062
2.12502
2.12565
2.12729
2.12759
2.13173
2.13294
2.13728
2.14322
2.14402
2.14502
2.14964
2.15181
2.15221
2.15511
2.15586
2.15606
2.15758
2.15812
2.16009
2.16029
2.16097
2.16129
2.16164
2.1652
2.16589
2.17206
2.17378
2.17892
2.17911
2.17925
2.18012
2.18034
2.18134
2.18902
2.19085
2.19346
2.19841
2.20074
2.20568
2.20581
2.20672
2.21155
2.21179
2.21451
2.22015
2.2225
2.22509
2.22889
2.23123
2.23494
2.24209
2.24318
2.24413
2.24543
2.24965
2.25034
2.25167
2.25273
2.2543
2.2576
2.25792
2.26156
2.2618
2.26573
2.27213
2.27634
2.27884
2.2805
2.2817
2.28692
2.28878
2.29475
2.29749
2.30124
2.3038
2.3055
2.31457
2.31871
2.31953
2.31979
2.31988
2.32207
2.3322
2.3359
2.33638
2.33728
2.33964
2.34546
2.34595
2.34661
2.34843
2.34948
2.3518
2.35287
2.35444
2.35609
2.35681
2.37457
2.37916
2.37964
2.38174
2.3825
2.38313
2.38529
2.38882
2.39058
2.39227
2.39461
2.39755
2.40545
2.40566
2.40587
2.40873
2.41415
2.41683
2.41827
2.41865
2.42109
2.42219
2.4247
2.42725
2.42798
2.42839
2.43139
2.44685
2.45148
2.45308
2.45482
2.45547
2.45834
2.459
2.4607
2.46113
2.46235
2.46312
2.46837
2.46968
2.47165
2.47311
2.47476
2.47539
2.48724
2.50321
2.50602
2.50737
2.5083
2.5165
2.51677
2.52046
2.52637
2.52857
2.53696
2.53883
2.54799
2.54813
2.5578
2.56745
2.57271
2.5755
2.57597
2.57624
2.58728
2.5937
2.61437
2.62085
2.62092
2.6215
2.62228
2.63051
2.63208
2.63266
2.6343
2.63472
2.64137
2.64456
2.65206
2.65872
2.66907
2.66989
2.67276
2.68689
2.70161
2.70167
2.70858
2.7103
2.72145
2.72152
2.72727
2.73538
2.7398
2.7534
2.80962
2.81782
2.83165
2.84614
2.86324
2.86672
2.86738
2.8717
2.89388
2.90531
2.91589
2.92858
2.95235
2.98363
2.98619
3.01848
3.03039
3.07594
3.07835
3.09523
3.14247
3.14741
3.15108
3.15662
3.17256
3.18373
3.22428
3.23547
3.23822
3.25754
3.29502
3.30415
3.30435
3.32903
3.33327
3.37349
3.42151
3.45474
3.52743
3.54041
3.54594
3.55633
3.61832
3.72769
3.85868
4.0351
4.30648
4.37078
4.4045
4.55215
5.47191
