0.000520799
0.00064543
0.000748619
0.000881428
0.00153026
0.00212128
0.0023083
0.00245447
0.00257284
0.00300123
0.00325132
0.00330315
0.00356795
0.00360926
0.00400901
0.00411566
0.00437443
0.00450346
0.00479261
0.00479263
0.00568099
0.00604274
0.00606039
0.00650194
0.00664623
0.00675821
0.006785
0.00697613
0.00738837
0.00752424
0.00814039
0.00828689
0.00860824
0.00909864
0.00939617
0.0095893
0.00971704
0.00986909
0.0110533
0.011118
0.0114602
0.0117701
0.0119605
0.0124089
0.0127218
0.0128539
0.0129192
0.0130116
0.0130322
0.0135061
0.0136426
0.0137129
0.0140158
0.0140396
0.0140856
0.0144077
0.0146038
0.0148995
0.0153579
0.0155973
0.015611
0.0158199
0.0158851
0.0159356
0.0159481
0.016025
0.016163
0.0165833
0.016736
0.0169862
0.0173115
0.0175962
0.0177829
0.0180624
0.0181584
0.018212
0.0185607
0.0186585
0.0191249
0.0191383
0.0196092
0.019646
0.0200403
0.0207898
0.0208574
0.021043
0.0214793
0.0215585
0.0215996
0.0217913
0.0222502
0.0222867
0.0225877
0.0231532
0.0235402
0.0237568
0.0240458
0.0242223
0.0243258
0.0245238
0.02465
0.0247442
0.0247552
0.0247709
0.0251026
0.0251422
0.0253788
0.0253791
0.0254592
0.0257388
0.0258074
0.026144
0.0263209
0.0265667
0.0267391
0.0268969
0.0272229
0.0273507
0.0273765
0.0275429
0.0278807
0.027893
0.0284185
0.0291158
0.0293144
0.0294953
0.0298725
0.0309685
0.0310807
0.0317606
0.0317856
0.0322123
0.0323045
0.0331033
0.0333269
0.0344313
0.0347066
0.0352343
0.0355528
0.0357183
0.0358045
0.0359029
0.0359094
0.0360359
0.0362619
0.0366902
0.0368332
0.0375931
0.0378644
0.038001
0.0380165
0.0381139
0.0382819
0.0386469
0.0387261
0.0391691
0.039286
0.0397122
0.0399174
0.0400778
0.0403071
0.0404507
0.0406532
0.0407426
0.041293
0.0413105
0.0413753
0.0415126
0.0417503
0.0419195
0.0422945
0.0423212
0.0426523
0.0430703
0.0432148
0.0433402
0.0434545
0.0434765
0.0436645
0.0439493
0.0441951
0.0444048
0.0444158
0.0450512
0.0453175
0.0455305
0.0455909
0.0460521
0.0464497
0.0464959
0.046827
0.0475636
0.0477388
0.0478689
0.0479391
0.0484415
0.0488736
0.0488884
0.0489481
0.0500818
0.0501264
0.0501436
0.0502875
0.0502985
0.0508392
0.0511528
0.0513307
0.0513912
0.0515207
0.0517631
0.0522436
0.052335
0.0523622
0.0525943
0.0527706
0.0528431
0.0530888
0.0531219
0.0531674
0.0533139
0.0535587
0.0537214
0.053727
0.0538013
0.0538205
0.0538224
0.0538734
0.0539256
0.0541271
0.0543443
0.0544429
0.0544467
0.0544574
0.0547582
0.0551078
0.0551773
0.0552074
0.0556957
0.0559306
0.056392
0.0566109
0.0566219
0.0566247
0.0566819
0.0567804
0.0569332
0.0571952
0.0575875
0.0576876
0.0579025
0.0584411
0.0585096
0.0585723
0.0586862
0.0589659
0.0590447
0.0591083
0.0593346
0.0597351
0.0597602
0.0597691
0.0598436
0.0598496
0.0598528
0.060109
0.0601738
0.0602302
0.0603077
0.0604833
0.060485
0.0605017
0.0606368
0.0609226
0.0614141
0.0619617
0.0622501
0.0623966
0.0624084
0.0626823
0.0632791
0.0633268
0.0634674
0.0635665
0.063915
0.064038
0.0643971
0.064408
0.0646754
0.0647363
0.0647484
0.0647831
0.0652511
0.0654862
0.0662646
0.0665939
0.0667052
0.0667684
0.0668462
0.066906
0.0671258
0.0671488
0.0672788
0.067636
0.0676957
0.0677752
0.0679944
0.0680751
0.0685058
0.0685292
0.0686985
0.0688948
0.0692933
0.0694862
0.0695304
0.0696311
0.0696677
0.0700996
0.0705316
0.0706282
0.0708407
0.0709117
0.0717012
0.0718638
0.0718872
0.0719868
0.072181
0.0723511
0.0724346
0.0725047
0.0725097
0.0726119
0.0726409
0.0727417
0.0729186
0.0729404
0.0731969
0.0734922
0.0736791
0.0738437
0.074302
0.0745173
0.0745756
0.075279
0.0754035
0.0754654
0.0754806
0.0755814
0.0757148
0.0760295
0.0761328
0.0761919
0.0763144
0.0764303
0.07648
0.0765353
0.0766291
0.0767702
0.0768358
0.0769162
0.077245
0.0772904
0.077318
0.0773654
0.0774485
0.0775236
0.0777372
0.0777785
0.0780155
0.0780296
0.0783696
0.0785593
0.07869
0.0788085
0.0791623
0.0798181
0.0798326
0.0799324
0.0799667
0.0799981
0.0800433
0.0804788
0.0806519
0.0807371
0.0807711
0.0811992
0.0814304
0.0815544
0.0816336
0.0816421
0.0816849
0.0822485
0.0822964
0.0824849
0.0825551
0.0826616
0.0826749
0.082777
0.0829762
0.0830098
0.0830316
0.0834924
0.0839969
0.0840291
0.0843008
0.0844706
0.084922
0.0850582
0.0851172
0.0851495
0.0851744
0.0853113
0.0853463
0.0853834
0.0854103
0.0856277
0.0858593
0.085867
0.0862558
0.0862689
0.0863385
0.0864839
0.0865
0.0865733
0.0867936
0.0868007
0.0870329
0.0875938
0.0876894
0.0879729
0.0882398
0.0882604
0.0883655
0.0888985
0.0891089
0.0891878
0.0893935
0.0895129
0.089661
0.0898718
0.0903067
0.0904549
0.0911324
0.0911344
0.0911377
0.0915141
0.0915275
0.0916337
0.0919183
0.0920221
0.092296
0.0924628
0.092621
0.0926229
0.0928728
0.0928817
0.093052
0.0932666
0.0933665
0.0934904
0.093599
0.0936544
0.0936675
0.0941646
0.0947557
0.0949355
0.0950143
0.0950424
0.0951768
0.0951969
0.0961443
0.0961785
0.0962439
0.0963237
0.0965774
0.0966626
0.0966969
0.0973382
0.097559
0.0975989
0.0976402
0.0979332
0.0981139
0.0987516
0.098843
0.0991888
0.0996137
0.0996328
0.0996832
0.0997475
0.100265
0.100269
0.100326
0.100334
0.10034
0.100448
0.100828
0.100832
0.100876
0.101011
0.101307
0.101339
0.101849
0.101959
0.102003
0.10219
0.103015
0.103064
0.103117
0.103271
0.103395
0.10353
0.10366
0.103805
0.103875
0.104094
0.104469
0.104544
0.104563
0.104726
0.104906
0.105226
0.105256
0.1054
0.105482
0.10566
0.105729
0.10588
0.106106
0.106137
0.106204
0.106503
0.106673
0.107136
0.1075
0.107616
0.107673
0.107714
0.107715
0.107957
0.108031
0.108201
0.108328
0.108394
0.108421
0.108487
0.108915
0.109051
0.109239
0.109541
0.109788
0.1099
0.109918
0.110433
0.110502
0.110805
0.111175
0.111389
0.111537
0.111725
0.111741
0.11182
0.112599
0.112622
0.112695
0.113035
0.113172
0.113234
0.113476
0.113551
0.113654
0.113675
0.113687
0.113825
0.114272
0.11435
0.114686
0.114844
0.114954
0.115014
0.115089
0.115135
0.11517
0.115198
0.115208
0.115256
0.11528
0.115295
0.115407
0.115651
0.115682
0.116062
0.116394
0.116792
0.116796
0.11689
0.117341
0.117421
0.117609
0.117804
0.117928
0.117973
0.117989
0.118229
0.118503
0.118785
0.118898
0.11892
0.119075
0.119282
0.119363
0.11967
0.120264
0.12029
0.120296
0.120331
0.120418
0.120712
0.120993
0.121212
0.121451
0.121595
0.121621
0.121959
0.12196
0.122004
0.122005
0.122216
0.12244
0.122678
0.122767
0.122878
0.123038
0.123086
0.1231
0.123294
0.12333
0.123832
0.124128
0.124641
0.124686
0.125144
0.125425
0.125723
0.125894
0.126124
0.126139
0.126139
0.126259
0.126419
0.126488
0.126805
0.126831
0.127221
0.127358
0.127385
0.127613
0.128218
0.128397
0.128564
0.128629
0.128841
0.128982
0.129069
0.129206
0.129535
0.129853
0.129908
0.12994
0.13018
0.130276
0.130284
0.130351
0.130476
0.130551
0.1311
0.131179
0.131238
0.131299
0.131322
0.131462
0.131776
0.131833
0.132333
0.132654
0.13286
0.132875
0.133199
0.133203
0.133368
0.133561
0.133579
0.133754
0.133932
0.134097
0.134107
0.134124
0.134402
0.134572
0.134711
0.134864
0.135011
0.135062
0.135086
0.135176
0.135295
0.135357
0.135402
0.135472
0.135505
0.135527
0.13554
0.135565
0.135585
0.135687
0.135757
0.135996
0.136064
0.136211
0.136375
0.13641
0.136773
0.136805
0.137265
0.137936
0.13799
0.138112
0.138143
0.138454
0.138664
0.13883
0.138897
0.13893
0.138993
0.139343
0.139391
0.139404
0.139625
0.139763
0.139955
0.140408
0.140419
0.140667
0.140783
0.140883
0.140896
0.14091
0.140977
0.141357
0.141408
0.141493
0.141629
0.141679
0.141723
0.141942
0.142008
0.142071
0.142293
0.142371
0.142422
0.142489
0.14257
0.142596
0.142822
0.142986
0.143089
0.143106
0.143138
0.143179
0.143193
0.143292
0.143364
0.143395
0.143478
0.143485
0.143551
0.143622
0.143633
0.143935
0.143949
0.144116
0.144231
0.144528
0.14459
0.144617
0.144676
0.144711
0.145057
0.145288
0.145299
0.145596
0.145735
0.145763
0.145845
0.146286
0.146569
0.146605
0.146676
0.146754
0.146784
0.146795
0.146973
0.14715
0.147224
0.147272
0.147319
0.147429
0.147482
0.147544
0.14757
0.147738
0.147777
0.147891
0.147941
0.148156
0.148253
0.148429
0.148437
0.148439
0.149056
0.149321
0.149327
0.149346
0.149373
0.149696
0.149849
0.149872
0.149977
0.150053
0.150256
0.150483
0.150485
0.150751
0.150848
0.150874
0.150971
0.151235
0.151569
0.151636
0.151788
0.151842
0.151969
0.152189
0.152265
0.152416
0.152524
0.15253
0.152679
0.152762
0.152899
0.153026
0.153211
0.153315
0.153731
0.153928
0.15412
0.154168
0.154174
0.154242
0.154321
0.154385
0.154521
0.154765
0.155027
0.155109
0.156038
0.15626
0.156345
0.156421
0.156487
0.156547
0.156579
0.156655
0.156669
0.156761
0.156857
0.156954
0.157378
0.157475
0.157525
0.157735
0.157828
0.158149
0.158216
0.158516
0.158704
0.158843
0.158883
0.158976
0.159255
0.159808
0.159812
0.159832
0.159874
0.159947
0.159952
0.160044
0.160261
0.160353
0.160419
0.160467
0.160486
0.160489
0.160586
0.160677
0.160975
0.161287
0.161336
0.161421
0.161591
0.1618
0.162028
0.162037
0.16211
0.162129
0.162405
0.162478
0.162735
0.162801
0.163094
0.163618
0.163821
0.163897
0.163943
0.164031
0.164058
0.164095
0.164213
0.164214
0.16441
0.164492
0.16458
0.164638
0.164839
0.165005
0.165114
0.165212
0.165264
0.165506
0.165548
0.165707
0.165776
0.165804
0.16586
0.165863
0.16592
0.166219
0.16628
0.166336
0.166839
0.167135
0.167304
0.167591
0.167614
0.167823
0.167833
0.167992
0.167996
0.16808
0.168452
0.168671
0.168798
0.168979
0.169185
0.169387
0.169403
0.169419
0.169536
0.169542
0.169944
0.170724
0.170881
0.170942
0.170976
0.171103
0.171121
0.171134
0.171153
0.171232
0.171303
0.171321
0.171437
0.171458
0.171512
0.171873
0.17221
0.172375
0.172379
0.172503
0.172703
0.172826
0.172832
0.172997
0.173012
0.173182
0.173232
0.173268
0.173323
0.17334
0.173357
0.173561
0.173733
0.173881
0.17398
0.173985
0.174267
0.174328
0.174383
0.174446
0.174689
0.174808
0.174904
0.175231
0.175333
0.17555
0.175582
0.175702
0.175853
0.176477
0.1765
0.176632
0.176653
0.176758
0.176774
0.176826
0.17683
0.176941
0.176988
0.177128
0.177166
0.177174
0.177256
0.177272
0.177295
0.177445
0.177596
0.177628
0.177759
0.177865
0.177891
0.177918
0.177925
0.177953
0.178314
0.178543
0.17857
0.178695
0.17874
0.1788
0.178824
0.1789
0.17921
0.179262
0.179438
0.180007
0.180303
0.180316
0.180459
0.18048
0.180482
0.180789
0.18087
0.181097
0.181099
0.18114
0.181167
0.181822
0.181906
0.181908
0.181926
0.18208
0.182231
0.182399
0.182438
0.182995
0.183067
0.183135
0.183205
0.183384
0.183385
0.183415
0.183503
0.183594
0.183806
0.183928
0.183929
0.183936
0.183949
0.184104
0.184196
0.184213
0.184232
0.184366
0.184601
0.184658
0.184905
0.185209
0.185231
0.185255
0.185411
0.185569
0.185647
0.185688
0.185802
0.18584
0.185939
0.186166
0.186169
0.186619
0.186656
0.186847
0.187043
0.187141
0.187148
0.187267
0.187272
0.187302
0.187304
0.187321
0.187651
0.187954
0.18796
0.188093
0.188155
0.188267
0.188336
0.188378
0.188397
0.188594
0.188654
0.188665
0.189085
0.18909
0.189378
0.189686
0.189687
0.189742
0.190017
0.190018
0.190048
0.190511
0.190527
0.19057
0.190761
0.190815
0.190877
0.191002
0.191168
0.191302
0.191341
0.191569
0.19161
0.191627
0.191848
0.191927
0.192176
0.192274
0.192315
0.192317
0.192544
0.192674
0.192692
0.192726
0.192775
0.192782
0.193303
0.19333
0.193333
0.193374
0.193389
0.193664
0.193672
0.193832
0.193888
0.193912
0.193994
0.19415
0.194255
0.194372
0.194502
0.194571
0.194614
0.194642
0.194733
0.194958
0.194994
0.195041
0.195263
0.195264
0.195433
0.195527
0.195533
0.195546
0.195738
0.195785
0.195819
0.195957
0.196056
0.196091
0.196492
0.196786
0.197002
0.197059
0.19713
0.197295
0.197317
0.19742
0.197489
0.197755
0.197806
0.198004
0.198007
0.198143
0.198161
0.198229
0.198294
0.198466
0.198485
0.198611
0.198873
0.198982
0.199194
0.199254
0.199281
0.19943
0.199652
0.199696
0.200049
0.200225
0.200246
0.200288
0.2004
0.200414
0.200721
0.200765
0.200777
0.200841
0.200878
0.201169
0.20124
0.201372
0.201387
0.201404
0.201539
0.20175
0.201788
0.201813
0.201851
0.201862
0.202016
0.202414
0.202447
0.202694
0.202718
0.202744
0.202778
0.202862
0.202906
0.203126
0.203192
0.203449
0.20359
0.203919
0.204002
0.204034
0.204365
0.20441
0.204434
0.204622
0.20494
0.204976
0.205135
0.205188
0.205287
0.205449
0.205646
0.205664
0.205941
0.206016
0.206313
0.206667
0.206858
0.206894
0.207046
0.207137
0.20724
0.207241
0.20732
0.207395
0.207508
0.20752
0.207535
0.207592
0.207716
0.207759
0.207798
0.207844
0.207864
0.208032
0.208438
0.208439
0.208487
0.208849
0.208934
0.209062
0.209295
0.209297
0.209305
0.209377
0.209458
0.209461
0.209576
0.209639
0.20968
0.209687
0.209979
0.209982
0.210032
0.210336
0.210388
0.210403
0.210429
0.210475
0.211096
0.211239
0.21139
0.211426
0.211696
0.211726
0.21188
0.211886
0.212008
0.212166
0.21222
0.212548
0.21275
0.212896
0.212899
0.212954
0.21301
0.213127
0.213293
0.213477
0.213558
0.213565
0.213613
0.213623
0.213824
0.213952
0.214028
0.214273
0.214432
0.214435
0.214481
0.21464
0.21466
0.214741
0.21487
0.215002
0.215047
0.21514
0.215182
0.215216
0.215552
0.215632
0.215659
0.215738
0.21586
0.215939
0.21642
0.216474
0.216494
0.216596
0.216621
0.217143
0.217193
0.217769
0.217822
0.217858
0.217963
0.218056
0.218076
0.218142
0.218206
0.2183
0.218548
0.218706
0.218786
0.218856
0.218994
0.219088
0.219197
0.219284
0.219313
0.219324
0.219644
0.219739
0.219831
0.219849
0.220006
0.220167
0.220432
0.220459
0.220731
0.220753
0.220775
0.220779
0.220833
0.220869
0.220884
0.221145
0.221239
0.221441
0.22154
0.221853
0.221893
0.221904
0.22192
0.221942
0.221958
0.221992
0.222037
0.222202
0.222226
0.222256
0.222503
0.222659
0.222815
0.222894
0.222932
0.222945
0.222946
0.222966
0.223022
0.223398
0.223463
0.223565
0.223677
0.223885
0.224064
0.224131
0.224135
0.224193
0.2242
0.224272
0.224382
0.224449
0.224616
0.224745
0.224835
0.224851
0.224889
0.224993
0.225035
0.225149
0.225181
0.225211
0.225432
0.22561
0.225641
0.225801
0.225952
0.226268
0.226269
0.226498
0.226614
0.226645
0.226721
0.226964
0.22718
0.227402
0.227412
0.227455
0.227579
0.227618
0.227668
0.227688
0.227878
0.227906
0.22792
0.227943
0.22813
0.228136
0.228158
0.228361
0.228384
0.228432
0.228469
0.228495
0.228751
0.228887
0.229146
0.229177
0.229179
0.229499
0.229576
0.22994
0.229961
0.230498
0.23055
0.230753
0.230813
0.230875
0.23089
0.2309
0.231125
0.231278
0.231409
0.231419
0.231494
0.23161
0.231614
0.231672
0.23176
0.232196
0.232679
0.23276
0.232811
0.232824
0.232881
0.233139
0.233239
0.2335
0.233547
0.233591
0.233637
0.233802
0.233947
0.234148
0.234223
0.234246
0.234304
0.23434
0.234419
0.234623
0.234645
0.234648
0.234749
0.234848
0.234924
0.235012
0.235251
0.235367
0.235616
0.235658
0.235659
0.2359
0.235908
0.235945
0.236011
0.236059
0.23618
0.236181
0.236414
0.236425
0.236467
0.236583
0.236616
0.236678
0.236785
0.236958
0.236959
0.237035
0.237046
0.237155
0.237324
0.237607
0.237636
0.23766
0.237764
0.238002
0.238013
0.238337
0.238506
0.238767
0.238771
0.2388
0.238895
0.23901
0.239079
0.23908
0.239169
0.239214
0.239337
0.239486
0.239585
0.239661
0.23969
0.239728
0.239782
0.240081
0.240268
0.240352
0.240373
0.240378
0.240409
0.240527
0.240576
0.24101
0.241298
0.241614
0.241631
0.241885
0.241915
0.242004
0.242041
0.242501
0.242654
0.242894
0.243018
0.243078
0.243098
0.243123
0.243305
0.243467
0.243584
0.243698
0.243727
0.24373
0.243791
0.243814
0.243842
0.243951
0.24396
0.244322
0.24433
0.244378
0.244446
0.244541
0.244672
0.244721
0.244917
0.244966
0.244981
0.244997
0.245063
0.245084
0.245289
0.245521
0.245626
0.245687
0.245825
0.245855
0.245934
0.246202
0.24625
0.246267
0.246366
0.246383
0.2464
0.246447
0.246455
0.246537
0.246538
0.247313
0.247313
0.24742
0.247592
0.247616
0.247777
0.247836
0.247883
0.247896
0.247961
0.247962
0.248238
0.248256
0.248371
0.248378
0.248407
0.248439
0.248544
0.248594
0.248834
0.248854
0.248911
0.249171
0.249323
0.249354
0.249373
0.24944
0.249634
0.249781
0.249857
0.250039
0.250099
0.250107
0.25029
0.2503
0.250423
0.25053
0.250541
0.250641
0.250656
0.250693
0.250723
0.250741
0.250748
0.250841
0.250883
0.250958
0.250972
0.251011
0.251017
0.251041
0.251114
0.251597
0.251675
0.251869
0.251871
0.251933
0.252178
0.252211
0.252225
0.252313
0.252497
0.25252
0.252604
0.252656
0.252792
0.253038
0.253242
0.253306
0.253309
0.253365
0.253377
0.253585
0.253647
0.253733
0.253736
0.253825
0.253863
0.253938
0.25404
0.254148
0.254181
0.254198
0.254253
0.254395
0.254438
0.254439
0.254467
0.254602
0.254655
0.254665
0.254753
0.254845
0.254893
0.2549
0.254919
0.254972
0.255003
0.255135
0.255294
0.255402
0.255798
0.255825
0.255894
0.255958
0.256072
0.256158
0.256242
0.256342
0.256446
0.256487
0.25659
0.256627
0.256702
0.256747
0.256804
0.256997
0.257157
0.257197
0.257304
0.257315
0.25737
0.257428
0.257495
0.257639
0.257664
0.257792
0.257817
0.257844
0.257863
0.257892
0.257902
0.257903
0.257912
0.258108
0.258295
0.258482
0.258613
0.258622
0.258723
0.258727
0.258841
0.258866
0.258876
0.25904
0.259122
0.259188
0.259189
0.259254
0.259282
0.259343
0.259372
0.259444
0.259455
0.259475
0.259777
0.259789
0.259794
0.259882
0.259939
0.259991
0.26006
0.260115
0.26018
0.260216
0.260256
0.260541
0.260648
0.260903
0.26091
0.260982
0.261113
0.261306
0.261415
0.261658
0.261783
0.26207
0.262092
0.262135
0.262173
0.262239
0.262266
0.262348
0.262372
0.262462
0.262481
0.262496
0.262496
0.262619
0.262719
0.262819
0.262842
0.262895
0.26292
0.262974
0.263057
0.263179
0.263291
0.263305
0.26339
0.263467
0.263594
0.263628
0.263694
0.263742
0.263771
0.2639
0.263904
0.264023
0.264187
0.264538
0.264548
0.264554
0.264912
0.265125
0.265243
0.265309
0.265335
0.265455
0.265462
0.26547
0.265488
0.265514
0.265627
0.265782
0.265878
0.265905
0.266021
0.266056
0.266094
0.266106
0.266299
0.266321
0.266359
0.266402
0.266416
0.266468
0.266478
0.266653
0.266735
0.266742
0.26697
0.267005
0.267236
0.267269
0.267278
0.26735
0.267581
0.267681
0.267723
0.267728
0.267759
0.267833
0.267907
0.268041
0.268389
0.268399
0.26866
0.268721
0.269081
0.269096
0.269188
0.26928
0.269293
0.26946
0.269461
0.269492
0.269502
0.269572
0.269628
0.269874
0.269891
0.269984
0.270081
0.270111
0.270128
0.270162
0.270292
0.270327
0.27034
0.270364
0.270606
0.270648
0.270654
0.270741
0.270815
0.270943
0.271099
0.271198
0.271347
0.271412
0.271415
0.27149
0.271686
0.271688
0.271752
0.271823
0.271843
0.272016
0.272019
0.272111
0.272168
0.272495
0.272576
0.272593
0.272595
0.272601
0.272668
0.272735
0.272753
0.272766
0.272793
0.272805
0.272826
0.272932
0.2731
0.273223
0.273414
0.273646
0.273688
0.273689
0.273783
0.273865
0.273872
0.273879
0.273934
0.273955
0.274079
0.274183
0.274219
0.274327
0.274445
0.274472
0.274484
0.274589
0.274667
0.274701
0.274725
0.275038
0.275106
0.275135
0.275343
0.275364
0.275369
0.275415
0.275653
0.275834
0.275853
0.275882
0.276078
0.276096
0.276479
0.276527
0.276626
0.276629
0.276695
0.276715
0.276729
0.276748
0.276838
0.277288
0.277434
0.277439
0.277478
0.277745
0.277818
0.277859
0.27796
0.277974
0.277992
0.278149
0.278718
0.279172
0.279209
0.279361
0.279704
0.279735
0.280013
0.280234
0.280279
0.280331
0.280355
0.280361
0.280367
0.280373
0.280528
0.280596
0.280634
0.280639
0.280729
0.280739
0.280842
0.280893
0.28103
0.281327
0.281365
0.281366
0.281383
0.281508
0.281735
0.28196
0.282004
0.282047
0.282178
0.28225
0.282306
0.282458
0.282491
0.282593
0.282772
0.282915
0.283046
0.283048
0.283165
0.283322
0.283429
0.283436
0.283489
0.283512
0.283553
0.28377
0.283923
0.28395
0.283982
0.284027
0.284052
0.284082
0.284123
0.284191
0.284227
0.284262
0.284266
0.284309
0.284377
0.28441
0.28452
0.284568
0.284681
0.284735
0.284803
0.284859
0.285051
0.285133
0.285186
0.285305
0.285348
0.28536
0.285432
0.285436
0.285597
0.285901
0.285937
0.285977
0.286208
0.286243
0.286397
0.286425
0.286504
0.286506
0.286521
0.286623
0.286784
0.286844
0.286851
0.286911
0.286939
0.28708
0.287212
0.287255
0.28747
0.287485
0.28749
0.287592
0.287608
0.28767
0.287782
0.287792
0.287815
0.288039
0.288078
0.288217
0.288288
0.288296
0.288307
0.288416
0.288443
0.288447
0.288496
0.288601
0.28875
0.288762
0.288798
0.289029
0.289053
0.289093
0.289114
0.289193
0.289623
0.289719
0.289782
0.289994
0.290079
0.290195
0.290384
0.29073
0.29076
0.290778
0.290789
0.290938
0.290996
0.290996
0.291095
0.291573
0.291577
0.291582
0.291594
0.291669
0.291808
0.291881
0.291911
0.292037
0.292038
0.292139
0.292247
0.292254
0.292274
0.292327
0.292506
0.292574
0.292587
0.29264
0.292713
0.292835
0.293025
0.293064
0.293103
0.293227
0.293228
0.293257
0.293411
0.293441
0.293503
0.293555
0.293718
0.293757
0.293814
0.293839
0.293882
0.293943
0.293951
0.293971
0.293978
0.29399
0.294098
0.294115
0.29416
0.294402
0.294435
0.294513
0.294542
0.294559
0.294653
0.294862
0.294941
0.294981
0.294987
0.295095
0.295233
0.295253
0.295262
0.295273
0.295575
0.295652
0.295698
0.29574
0.295749
0.295794
0.295856
0.29593
0.295941
0.295995
0.295995
0.296025
0.296025
0.296103
0.296179
0.296262
0.296374
0.296464
0.296606
0.296635
0.296724
0.296732
0.296776
0.296785
0.296837
0.296842
0.296866
0.296929
0.297302
0.297356
0.297358
0.297379
0.297406
0.297494
0.297566
0.297707
0.297855
0.297926
0.297928
0.298079
0.298113
0.298138
0.298284
0.298438
0.29848
0.298483
0.298683
0.298689
0.298719
0.298779
0.298826
0.298871
0.298927
0.298948
0.29922
0.29927
0.299292
0.29937
0.2994
0.299583
0.299611
0.299637
0.299646
0.299684
0.29969
0.2997
0.299772
0.299842
0.300009
0.300041
0.300049
0.300113
0.30013
0.300221
0.300268
0.300391
0.30046
0.300466
0.300572
0.300651
0.300785
0.30091
0.301003
0.301148
0.30117
0.301223
0.301354
0.301497
0.301515
0.301561
0.301568
0.301576
0.301671
0.301689
0.301708
0.301816
0.301834
0.301838
0.302039
0.3021
0.302101
0.30223
0.302299
0.30248
0.302489
0.302507
0.302519
0.302624
0.302856
0.302858
0.303055
0.303266
0.303352
0.303504
0.303602
0.303674
0.303786
0.303983
0.303994
0.30401
0.304315
0.304351
0.304403
0.304414
0.304435
0.304552
0.30459
0.304603
0.304632
0.304706
0.304802
0.30481
0.304904
0.305016
0.305059
0.305095
0.305122
0.305158
0.305183
0.305236
0.305393
0.305445
0.305542
0.305591
0.305601
0.305605
0.305612
0.305644
0.305783
0.305884
0.306124
0.306177
0.306184
0.306245
0.306255
0.306344
0.306431
0.306616
0.306648
0.30674
0.306761
0.306868
0.306903
0.307035
0.307044
0.307093
0.307111
0.30718
0.307207
0.307255
0.307293
0.307392
0.307508
0.307595
0.307643
0.307878
0.308214
0.30834
0.308613
0.3087
0.308792
0.308936
0.309001
0.309081
0.309153
0.309161
0.309272
0.309351
0.309457
0.309528
0.309617
0.309963
0.310103
0.310116
0.310145
0.310161
0.310204
0.310262
0.310294
0.310339
0.31045
0.310465
0.310492
0.31054
0.310684
0.31069
0.31076
0.310849
0.310948
0.31105
0.311128
0.311219
0.311236
0.311289
0.311292
0.31134
0.311386
0.311539
0.311615
0.311671
0.311717
0.311767
0.31179
0.311819
0.311869
0.311927
0.311982
0.312033
0.312173
0.312364
0.31238
0.31258
0.312701
0.312776
0.312885
0.31291
0.313019
0.313141
0.313167
0.313185
0.313204
0.313314
0.313335
0.313371
0.3135
0.313528
0.313708
0.31388
0.314142
0.314155
0.314393
0.314466
0.314495
0.314578
0.31458
0.314616
0.314629
0.314912
0.314966
0.315009
0.315051
0.315475
0.315492
0.315654
0.31566
0.315681
0.315769
0.315837
0.315845
0.315855
0.315863
0.31592
0.316056
0.316075
0.316141
0.316156
0.316184
0.31622
0.316266
0.316285
0.316375
0.316457
0.316505
0.316577
0.316629
0.316826
0.316842
0.316932
0.316966
0.316972
0.317044
0.317058
0.317106
0.317168
0.317244
0.317296
0.317301
0.317336
0.317442
0.317517
0.31757
0.317642
0.317813
0.317852
0.317887
0.317893
0.317973
0.318019
0.318061
0.318071
0.318152
0.318175
0.318293
0.318343
0.318445
0.318541
0.318744
0.318777
0.318828
0.31885
0.318887
0.318946
0.318971
0.318984
0.319
0.319093
0.319122
0.31913
0.319145
0.319312
0.319325
0.319369
0.319428
0.319436
0.319508
0.319546
0.319662
0.319694
0.319739
0.319759
0.319862
0.319908
0.319922
0.319997
0.320007
0.320017
0.320034
0.320138
0.320196
0.320269
0.320625
0.320708
0.320867
0.320891
0.321118
0.321178
0.32127
0.321288
0.32129
0.321377
0.321436
0.321458
0.321459
0.321462
0.321582
0.321891
0.32205
0.322067
0.322104
0.322261
0.322288
0.322295
0.322303
0.32236
0.322368
0.322385
0.322482
0.32253
0.322536
0.322644
0.322801
0.322821
0.322953
0.322987
0.323114
0.323153
0.323194
0.323228
0.323253
0.32339
0.323413
0.323422
0.323441
0.323607
0.323627
0.323673
0.323727
0.32391
0.32403
0.32407
0.324081
0.324179
0.324242
0.32427
0.324297
0.324318
0.324357
0.32439
0.324536
0.324558
0.324614
0.32496
0.324969
0.325086
0.325125
0.325128
0.325169
0.325215
0.325255
0.325261
0.325318
0.325383
0.325401
0.32547
0.325484
0.325674
0.325727
0.32576
0.32577
0.325781
0.325781
0.325843
0.325879
0.325961
0.326006
0.326038
0.326057
0.326093
0.326115
0.326197
0.326203
0.326384
0.326392
0.326394
0.326406
0.326514
0.326539
0.32667
0.326853
0.327062
0.327158
0.327238
0.327261
0.32733
0.327349
0.327379
0.32742
0.32746
0.327527
0.32757
0.327611
0.327633
0.327641
0.327642
0.327643
0.327672
0.327723
0.327756
0.327788
0.327858
0.327893
0.327909
0.327921
0.328065
0.328111
0.328186
0.32821
0.328305
0.328403
0.328409
0.328417
0.32847
0.328495
0.328526
0.328723
0.328731
0.328813
0.328843
0.329394
0.329431
0.329484
0.329554
0.329712
0.329723
0.329739
0.329811
0.329885
0.329957
0.329975
0.329979
0.330085
0.330091
0.330153
0.330269
0.330285
0.330305
0.330309
0.330327
0.330441
0.330488
0.330517
0.330561
0.330678
0.330735
0.330834
0.330854
0.330895
0.330897
0.330958
0.33099
0.331016
0.331029
0.331094
0.331136
0.331211
0.33122
0.331223
0.33123
0.331261
0.33135
0.331631
0.331673
0.331758
0.331921
0.331929
0.332027
0.332148
0.332161
0.332168
0.332171
0.332202
0.332206
0.332258
0.332461
0.332477
0.332498
0.33254
0.332546
0.332549
0.332599
0.33265
0.332759
0.3328
0.332867
0.332877
0.332991
0.333126
0.333138
0.333219
0.333273
0.333279
0.333294
0.333298
0.333306
0.333321
0.333321
0.333323
0.333347
0.333383
0.333416
0.333499
0.333528
0.333535
0.333656
0.333682
0.333705
0.333788
0.333833
0.333883
0.33395
0.334047
0.334062
0.334119
0.334127
0.334133
0.334136
0.334144
0.334175
0.334195
0.334322
0.334371
0.334423
0.334447
0.334509
0.33458
0.33459
0.334591
0.334604
0.334609
0.334684
0.334733
0.334761
0.334996
0.335049
0.335054
0.335092
0.335131
0.335153
0.335283
0.335316
0.335391
0.335396
0.335501
0.335575
0.335622
0.335644
0.335745
0.335771
0.335775
0.335809
0.335839
0.335929
0.336112
0.336225
0.336267
0.336289
0.336323
0.336341
0.336357
0.336435
0.336471
0.336587
0.336606
0.336825
0.336832
0.336868
0.336868
0.336905
0.336935
0.336961
0.336964
0.337057
0.337283
0.337369
0.33739
0.337426
0.337537
0.337822
0.337885
0.33792
0.33796
0.338046
0.338069
0.338101
0.338133
0.338188
0.338197
0.338266
0.338297
0.33831
0.338345
0.33842
0.338452
0.338474
0.338514
0.338625
0.338652
0.338656
0.338672
0.338705
0.338719
0.338735
0.338812
0.338873
0.33892
0.338977
0.338997
0.339125
0.339144
0.339195
0.339263
0.339379
0.339416
0.339573
0.339639
0.339656
0.339915
0.339932
0.339959
0.340026
0.340069
0.340082
0.34009
0.340098
0.340146
0.340166
0.340271
0.340285
0.34035
0.34037
0.340393
0.340424
0.340472
0.340588
0.340604
0.340626
0.340671
0.340681
0.340717
0.340802
0.340861
0.340972
0.34099
0.341021
0.34104
0.341098
0.341123
0.341214
0.341247
0.341255
0.341288
0.34131
0.341323
0.341365
0.34144
0.341638
0.341648
0.341854
0.341891
0.341969
0.341989
0.342076
0.342096
0.342101
0.342111
0.342117
0.342229
0.342302
0.342344
0.342348
0.342438
0.342446
0.342581
0.34259
0.342602
0.342649
0.342702
0.34272
0.342721
0.342741
0.342772
0.342784
0.342897
0.342922
0.34294
0.342984
0.343039
0.343143
0.343253
0.343306
0.34333
0.343373
0.343423
0.343548
0.343594
0.343627
0.343648
0.343727
0.343849
0.344103
0.344119
0.344128
0.344152
0.344192
0.344204
0.344288
0.34431
0.344342
0.344357
0.344481
0.34451
0.344654
0.344738
0.344823
0.344851
0.344943
0.344998
0.345048
0.345063
0.345167
0.345212
0.3453
0.345313
0.345368
0.345407
0.345475
0.345496
0.345538
0.345557
0.345563
0.345599
0.345609
0.34567
0.345684
0.345739
0.34579
0.345859
0.346299
0.34633
0.346381
0.346429
0.346432
0.346528
0.346534
0.346559
0.346592
0.346621
0.346707
0.346854
0.346968
0.347122
0.34718
0.347238
0.347261
0.347261
0.347327
0.347335
0.347495
0.347535
0.347569
0.347618
0.347653
0.347672
0.347934
0.347957
0.347965
0.348068
0.348121
0.348166
0.348201
0.348231
0.348466
0.348488
0.348523
0.348531
0.348563
0.348564
0.348577
0.34863
0.348663
0.348743
0.348766
0.348777
0.34885
0.34892
0.34894
0.348955
0.34904
0.349114
0.349176
0.349213
0.3493
0.349361
0.349411
0.349428
0.349493
0.349521
0.34961
0.349631
0.349674
0.349679
0.349683
0.349724
0.349739
0.349742
0.349789
0.349968
0.350003
0.350074
0.350143
0.350177
0.350227
0.350229
0.350242
0.350334
0.350374
0.3504
0.350459
0.350464
0.350529
0.350585
0.350593
0.350661
0.350774
0.350786
0.350838
0.350896
0.35095
0.35095
0.350991
0.351087
0.351181
0.351213
0.351274
0.351332
0.351332
0.351347
0.351351
0.351378
0.351418
0.35143
0.351461
0.351542
0.351556
0.351577
0.351608
0.351608
0.351759
0.351818
0.351939
0.352007
0.352043
0.352206
0.352215
0.352225
0.352286
0.352354
0.35241
0.352411
0.352429
0.35243
0.352496
0.352546
0.352619
0.352629
0.352654
0.352764
0.352801
0.352818
0.35283
0.352901
0.352919
0.352954
0.352998
0.353074
0.353077
0.353171
0.353197
0.353221
0.353252
0.353266
0.353327
0.353428
0.353461
0.353571
0.353582
0.353655
0.353666
0.353791
0.353791
0.353937
0.354039
0.354143
0.354211
0.35422
0.35426
0.35426
0.35429
0.354327
0.354336
0.354343
0.354362
0.354442
0.35451
0.354518
0.354519
0.354526
0.35454
0.354549
0.354623
0.354649
0.354682
0.354691
0.354721
0.354742
0.354789
0.354827
0.354836
0.354887
0.35492
0.354932
0.354936
0.354956
0.355001
0.355032
0.355085
0.355143
0.355335
0.355372
0.355395
0.355422
0.355425
0.355441
0.355479
0.355519
0.35554
0.355551
0.355576
0.355637
0.355727
0.355815
0.355824
0.355846
0.355897
0.35593
0.355968
0.355979
0.356032
0.356133
0.35616
0.356187
0.356196
0.356222
0.356232
0.356242
0.356275
0.356305
0.356335
0.356392
0.356406
0.356432
0.356531
0.356545
0.3566
0.356632
0.356661
0.356692
0.356793
0.356813
0.356852
0.356863
0.356902
0.356912
0.356913
0.35696
0.357159
0.357266
0.357354
0.357368
0.357405
0.357455
0.357455
0.357459
0.357476
0.357583
0.357633
0.357666
0.357674
0.357676
0.357679
0.357688
0.357722
0.357752
0.357759
0.357814
0.357818
0.357818
0.357891
0.357921
0.357971
0.35806
0.358079
0.358082
0.358123
0.358143
0.358204
0.358229
0.358258
0.35831
0.358447
0.358501
0.358534
0.358549
0.358583
0.358615
0.35864
0.358655
0.358692
0.358762
0.358767
0.358826
0.35886
0.358862
0.358882
0.358885
0.35891
0.358913
0.358963
0.358994
0.359018
0.359074
0.359091
0.359156
0.359196
0.359207
0.359239
0.35927
0.35927
0.359278
0.359292
0.359324
0.359328
0.359334
0.359345
0.359381
0.359561
0.359578
0.359692
0.359699
0.359704
0.359705
0.359756
0.359802
0.359805
0.359818
0.359875
0.360024
0.360031
0.360048
0.360234
0.360256
0.360264
0.360288
0.360291
0.360323
0.360391
0.360392
0.360409
0.360429
0.360433
0.360484
0.360566
0.360602
0.360613
0.360681
0.360701
0.360723
0.360805
0.360809
0.36085
0.360997
0.361006
0.361021
0.361026
0.36106
0.361066
0.36127
0.361301
0.361308
0.361309
0.361368
0.361408
0.36148
0.36148
0.361513
0.361567
0.361577
0.361596
0.361657
0.361658
0.361695
0.361744
0.361804
0.361819
0.361821
0.361841
0.361851
0.361859
0.361884
0.361909
0.361955
0.361969
0.36199
0.36206
0.362063
0.362109
0.362303
0.362303
0.362331
0.362333
0.362353
0.362414
0.362454
0.362462
0.362505
0.362617
0.362628
0.362691
0.362781
0.36282
0.362926
0.362962
0.362982
0.363034
0.363052
0.363077
0.363101
0.363118
0.363124
0.36315
0.363206
0.363268
0.363318
0.363329
0.363387
0.363397
0.363446
0.363458
0.363544
0.363598
0.363618
0.36366
0.363678
0.363732
0.363739
0.363787
0.36385
0.363936
0.363936
0.364056
0.364067
0.364293
0.364324
0.364412
0.364429
0.364547
0.36455
0.364615
0.364652
0.364771
0.364798
0.364817
0.364824
0.364846
0.364915
0.36493
0.364989
0.365044
0.365076
0.365088
0.365101
0.365179
0.365205
0.365216
0.365226
0.365268
0.365336
0.365357
0.365382
0.365568
0.365585
0.365606
0.365666
0.365676
0.365687
0.365748
0.365905
0.365938
0.365977
0.365985
0.366008
0.366014
0.366018
0.366078
0.366109
0.366116
0.366163
0.366212
0.366214
0.366254
0.366317
0.366355
0.366406
0.36642
0.366452
0.366482
0.366513
0.366606
0.366649
0.366657
0.366703
0.366711
0.366746
0.36693
0.366955
0.367158
0.367206
0.36723
0.367235
0.367244
0.367295
0.3673
0.367314
0.367315
0.367321
0.367324
0.367342
0.367347
0.367348
0.367574
0.367591
0.367593
0.36765
0.36769
0.367717
0.367741
0.367804
0.367853
0.367922
0.367997
0.368022
0.368069
0.368091
0.368128
0.368177
0.36827
0.368311
0.368313
0.368335
0.368376
0.368395
0.36848
0.368491
0.368493
0.368512
0.368532
0.368533
0.368556
0.368593
0.368651
0.368659
0.368663
0.368668
0.368679
0.368737
0.3688
0.368841
0.368938
0.369095
0.369122
0.369131
0.369165
0.369215
0.369373
0.369421
0.369468
0.369563
0.369598
0.369624
0.369638
0.369682
0.369694
0.36971
0.369744
0.369766
0.369791
0.369822
0.369842
0.369882
0.369887
0.369892
0.369928
0.369977
0.370018
0.370051
0.370062
0.370064
0.370069
0.370191
0.370253
0.370271
0.370307
0.370334
0.370354
0.370374
0.370387
0.370395
0.370419
0.370513
0.370575
0.370613
0.370645
0.370662
0.370674
0.370678
0.370684
0.370699
0.370706
0.370771
0.370963
0.371061
0.371081
0.371113
0.371114
0.371122
0.371166
0.371168
0.371186
0.371208
0.371268
0.371449
0.371463
0.371464
0.371473
0.371503
0.371506
0.371509
0.371547
0.371564
0.371612
0.371631
0.371636
0.371662
0.371671
0.371696
0.371705
0.371721
0.371759
0.371806
0.37181
0.371859
0.371913
0.371928
0.371938
0.371973
0.372014
0.37204
0.372065
0.372066
0.372146
0.372262
0.372275
0.37228
0.372307
0.372331
0.372437
0.372472
0.372513
0.37253
0.372545
0.372547
0.372561
0.372615
0.372617
0.372692
0.372764
0.372775
0.372877
0.372921
0.372928
0.372941
0.373042
0.37305
0.373108
0.373119
0.373129
0.37317
0.373223
0.37324
0.373244
0.37326
0.373272
0.373391
0.373409
0.373425
0.373481
0.373538
0.373633
0.373668
0.373807
0.373812
0.373841
0.373863
0.373904
0.374031
0.374121
0.374125
0.374162
0.374272
0.374298
0.37433
0.374337
0.374351
0.374356
0.374361
0.374375
0.37438
0.374432
0.374483
0.374546
0.374557
0.374604
0.374615
0.374622
0.374676
0.374735
0.374783
0.374784
0.374804
0.374815
0.374852
0.374871
0.374908
0.374924
0.374928
0.374987
0.375003
0.375061
0.37518
0.375195
0.375195
0.375219
0.375225
0.37523
0.375247
0.375306
0.375372
0.375383
0.375393
0.375419
0.375432
0.375487
0.375492
0.375563
0.375663
0.375665
0.375683
0.37569
0.375714
0.375719
0.375736
0.375766
0.375781
0.375803
0.375901
0.375928
0.375937
0.375949
0.375973
0.375993
0.376005
0.376033
0.376058
0.37607
0.376086
0.376094
0.376106
0.376106
0.376148
0.37618
0.37622
0.376222
0.376254
0.376287
0.376323
0.376369
0.37639
0.376455
0.37647
0.376471
0.376477
0.376481
0.376552
0.376552
0.376574
0.376671
0.37675
0.37677
0.376774
0.376907
0.37695
0.37695
0.376963
0.377082
0.377121
0.377185
0.377189
0.377196
0.377197
0.377258
0.377282
0.377288
0.377311
0.377332
0.377333
0.377387
0.377394
0.377411
0.377413
0.377427
0.377429
0.377487
0.377494
0.377526
0.37757
0.377666
0.377671
0.377674
0.377737
0.37775
0.377758
0.377773
0.377777
0.377784
0.377786
0.377846
0.378022
0.378117
0.378147
0.378163
0.378164
0.378197
0.378209
0.37822
0.378252
0.378252
0.37827
0.378318
0.378326
0.378349
0.378392
0.378414
0.378418
0.378547
0.378553
0.378668
0.37867
0.378674
0.378688
0.378729
0.378736
0.378743
0.378812
0.378854
0.378918
0.378947
0.378965
0.378981
0.37901
0.379023
0.379034
0.379115
0.379162
0.379168
0.379179
0.379187
0.379189
0.379194
0.379209
0.379234
0.379308
0.379375
0.379422
0.379503
0.379575
0.379601
0.379613
0.379642
0.37966
0.379679
0.379697
0.379799
0.37982
0.379857
0.379892
0.380023
0.380091
0.380108
0.38015
0.380155
0.380177
0.380181
0.380268
0.380271
0.380301
0.380374
0.380434
0.380463
0.380463
0.380488
0.380503
0.380512
0.380518
0.380525
0.380551
0.380586
0.380609
0.380642
0.380751
0.380852
0.380873
0.380889
0.380905
0.380926
0.380936
0.380937
0.380956
0.380986
0.380988
0.380995
0.381035
0.381046
0.381053
0.381085
0.381176
0.381239
0.381277
0.381284
0.381289
0.381295
0.38132
0.381324
0.381364
0.381367
0.38137
0.381378
0.381387
0.381396
0.381411
0.381464
0.381477
0.3815
0.381534
0.381558
0.381566
0.381602
0.381704
0.381742
0.381801
0.381813
0.381816
0.381854
0.381858
0.381879
0.381888
0.381912
0.382009
0.382016
0.382023
0.382026
0.382026
0.382046
0.38206
0.382063
0.382108
0.382114
0.382159
0.382204
0.382224
0.382256
0.382266
0.382271
0.382295
0.382338
0.382381
0.3824
0.382423
0.382429
0.382433
0.382492
0.382547
0.38265
0.38266
0.382661
0.382696
0.382704
0.382757
0.382788
0.382798
0.382844
0.382881
0.382896
0.382904
0.38291
0.38293
0.382949
0.382957
0.382973
0.382975
0.383008
0.383015
0.383049
0.383056
0.383057
0.383062
0.383065
0.383088
0.383091
0.383144
0.383251
0.383266
0.383293
0.383319
0.383352
0.38339
0.383403
0.383422
0.383594
0.383622
0.383641
0.383654
0.383684
0.383713
0.38372
0.383732
0.383752
0.383767
0.38385
0.38385
0.383879
0.383895
0.383951
0.383971
0.383985
0.384021
0.384052
0.384061
0.384149
0.38418
0.384198
0.38425
0.384261
0.384273
0.384282
0.384296
0.384314
0.384322
0.384343
0.384373
0.384393
0.384397
0.384424
0.384524
0.384558
0.38457
0.384586
0.384648
0.384652
0.384659
0.384691
0.384703
0.384707
0.384711
0.384715
0.384764
0.384789
0.384797
0.384807
0.384815
0.384902
0.384937
0.384967
0.384981
0.38499
0.385043
0.385054
0.385072
0.385093
0.385093
0.385101
0.385138
0.385158
0.385163
0.385164
0.385173
0.385222
0.385256
0.385296
0.385323
0.385329
0.385353
0.385361
0.385365
0.385369
0.385399
0.385486
0.385498
0.385513
0.385531
0.385531
0.385558
0.385566
0.385577
0.385685
0.385746
0.385752
0.385755
0.385765
0.385785
0.385814
0.385832
0.385842
0.385873
0.385873
0.385884
0.385893
0.385906
0.385933
0.385961
0.385971
0.386013
0.386021
0.386092
0.386094
0.386148
0.386165
0.386212
0.386222
0.386246
0.386315
0.38632
0.386375
0.386407
0.386422
0.386429
0.386515
0.38652
0.386529
0.386539
0.386546
0.386569
0.386603
0.386616
0.386621
0.386642
0.386658
0.386691
0.386703
0.386717
0.386815
0.386824
0.386883
0.386892
0.386952
0.386952
0.386968
0.38697
0.386974
0.38703
0.387038
0.387069
0.387088
0.387089
0.387098
0.387145
0.387165
0.387194
0.387213
0.387253
0.387289
0.387296
0.387312
0.387315
0.38732
0.387335
0.387336
0.38734
0.387368
0.387382
0.387411
0.387415
0.387483
0.387524
0.387531
0.387562
0.387566
0.387628
0.387666
0.387764
0.38779
0.387792
0.38781
0.387826
0.387831
0.387831
0.387873
0.387879
0.387895
0.387902
0.387912
0.387944
0.387947
0.387954
0.38797
0.387976
0.387994
0.388042
0.388085
0.388095
0.388115
0.388162
0.388162
0.388166
0.388184
0.388198
0.388219
0.388224
0.388252
0.388274
0.388279
0.3883
0.388311
0.388371
0.388378
0.388385
0.388437
0.388457
0.388462
0.388465
0.388485
0.388491
0.388491
0.388559
0.388572
0.388596
0.38863
0.388639
0.388666
0.388688
0.388712
0.388715
0.388721
0.388738
0.388742
0.388746
0.388752
0.388758
0.388766
0.388807
0.388809
0.388817
0.388829
0.388846
0.388928
0.388955
0.389052
0.389118
0.38915
0.38916
0.38918
0.389193
0.389197
0.389201
0.389203
0.389222
0.389248
0.389253
0.38926
0.389269
0.3893
0.389331
0.389357
0.389361
0.389391
0.389401
0.389409
0.389414
0.389414
0.38943
0.389432
0.389434
0.389439
0.389457
0.389462
0.389494
0.389496
0.389519
0.389523
0.389524
0.389555
0.389591
0.389623
0.389633
0.389655
0.38969
0.389766
0.389768
0.389781
0.389781
0.389796
0.389812
0.389826
0.3899
0.389921
0.389925
0.389927
0.389933
0.389941
0.38995
0.389968
0.389975
0.389985
0.390025
0.390025
0.390032
0.390034
0.390035
0.390036
0.390084
0.390094
0.39011
0.390114
0.390156
0.390184
0.390213
0.390217
0.390247
0.390264
0.39027
0.390277
0.390283
0.390293
0.390337
0.390389
0.390401
0.390406
0.390414
0.390427
0.390439
0.39049
0.390494
0.390511
0.390526
0.390544
0.390556
0.390572
0.390575
0.390576
0.390586
0.390605
0.39061
0.390616
0.390643
0.390665
0.390676
0.390687
0.390713
0.390789
0.390794
0.390794
0.390795
0.390809
0.39081
0.390829
0.39085
0.390862
0.390879
0.390907
0.390911
0.390915
0.390918
0.390925
0.390938
0.390954
0.390956
0.390959
0.391018
0.391035
0.391051
0.391081
0.391087
0.391103
0.391114
0.391128
0.391152
0.391167
0.391174
0.391191
0.391201
0.391222
0.391229
0.391232
0.391239
0.391245
0.391252
0.391267
0.391279
0.391279
0.391291
0.391309
0.391316
0.391321
0.391334
0.391355
0.391398
0.391406
0.391412
0.391439
0.39145
0.391458
0.391467
0.391484
0.391491
0.391502
0.391524
0.391535
0.391535
0.391543
0.39155
0.391568
0.391605
0.391618
0.391621
0.391658
0.391676
0.391682
0.391697
0.391698
0.391716
0.391721
0.391731
0.391765
0.391771
0.391774
0.391774
0.391785
0.391789
0.391793
0.391797
0.391802
0.391807
0.391812
0.391824
0.391826
0.39183
0.391848
0.391874
0.391909
0.391912
0.391914
0.391989
0.392015
0.392027
0.392052
0.392059
0.39207
0.392074
0.392139
0.392148
0.392166
0.392171
0.392172
0.392184
0.392185
0.392185
0.392221
0.392257
0.392265
0.392268
0.392274
0.392275
0.392295
0.392317
0.392334
0.392341
0.39235
0.392357
0.392362
0.392366
0.392376
0.392388
0.392391
0.392399
0.392402
0.392407
0.392415
0.392425
0.392447
0.392456
0.39246
0.392462
0.392468
0.392469
0.392483
0.392492
0.392506
0.392508
0.392531
0.392543
0.392557
0.39256
0.392563
0.392593
0.392596
0.392604
0.392608
0.392611
0.392616
0.392634
0.392634
0.392635
0.392639
0.392643
0.392649
0.392655
0.392671
0.392678
0.392681
0.392704
0.392705
0.392706
0.392711
0.39272
0.392721
0.392768
0.39279
0.392795
0.392798
0.392802
0.392812
0.392814
0.392826
0.392851
0.39286
0.392867
0.392873
0.392921
0.392929
0.392955
0.392964
0.392965
0.392966
0.392969
0.393
0.393
0.393003
0.393005
0.393014
0.39303
0.393034
0.393035
0.393035
0.393045
0.393048
0.393049
0.393056
0.393057
0.393073
0.393075
0.393077
0.393086
0.393096
0.393102
0.393122
0.393141
0.393148
0.393155
0.393159
0.393169
0.393178
0.393182
0.393189
0.393197
0.393215
0.393218
0.393236
0.393287
0.393301
0.393303
0.39337
0.393382
0.393415
0.393442
0.393452
0.393455
0.393457
0.393458
0.39347
0.393481
0.393483
0.393496
0.393496
0.393506
0.393517
0.393525
0.393548
0.393561
0.393601
0.393615
0.393616
0.393623
0.393624
0.39363
0.393632
0.393633
0.393659
0.393667
0.393691
0.393695
0.393697
0.393702
0.393702
0.393705
0.39374
0.393761
0.39379
0.393792
0.393794
0.3938
0.393846
0.39385
0.393867
0.393884
0.393893
0.393904
0.393904
0.39392
0.393926
0.393928
0.393946
0.393966
0.393973
0.393973
0.393975
0.393994
0.393998
0.394026
0.394028
0.394029
0.394033
0.394037
0.394038
0.39405
0.394073
0.394074
0.39409
0.394091
0.394091
0.394114
0.394117
0.394119
0.394135
0.394139
0.39417
0.394191
0.394195
0.394209
0.394223
0.394226
0.394254
0.394265
0.394267
0.394272
0.394283
0.394286
0.394293
0.394294
0.394296
0.394303
0.394308
0.394308
0.394309
0.394322
0.394337
0.394349
0.39436
0.394365
0.394369
0.394375
0.394379
0.39438
0.394384
0.39439
0.394391
0.394392
0.3944
0.394408
0.394411
0.394416
0.394421
0.394422
0.394432
0.394438
0.394441
0.394442
0.394447
0.394457
0.394458
0.39446
0.394474
0.394479
0.394489
0.39449
0.394496
0.394499
0.394501
0.394513
0.394517
0.39452
0.394528
0.394528
0.39453
0.394536
0.394544
0.394556
0.39456
0.394562
0.394589
0.39459
0.394602
0.394609
0.39462
0.394631
0.394641
0.39465
0.394669
0.394675
0.394678
0.394679
0.394697
0.394697
0.39471
0.39471
0.394735
0.394735
0.394741
0.39475
0.394752
0.394754
0.394775
0.394776
0.394777
0.394781
0.394782
0.394793
0.394797
0.3948
0.394804
0.394806
0.39481
0.394813
0.39482
0.394827
0.394834
0.394849
0.394853
0.394869
0.39487
0.394906
0.394906
0.394935
0.394939
0.394943
0.394951
0.394956
0.394961
0.394962
0.394963
0.394965
0.394986
0.394987
0.394988
0.394996
0.394998
0.395
0.395002
0.395014
0.395018
0.395019
0.395026
0.395033
0.395034
0.395034
0.39504
0.395044
0.395047
0.395052
0.395055
0.395056
0.395057
0.395061
0.395071
0.395075
0.395084
0.395084
0.395089
0.39509
0.395092
0.395102
0.395105
0.39511
0.395112
0.395117
0.395124
0.395131
0.395136
0.395147
0.395151
0.395158
0.395159
0.395162
0.395166
0.395166
0.395173
0.395183
0.395192
0.3952
0.3952
0.395211
0.395214
0.395214
0.395217
0.395218
0.395221
0.395225
0.395226
0.395238
0.395239
0.395241
0.395243
0.395244
0.395247
0.395248
0.395248
0.395249
0.395256
0.395263
0.395263
0.395272
0.39528
0.395281
0.395291
0.395294
0.395299
0.395311
0.395316
0.395318
0.395318
0.395326
0.395327
0.395329
0.395332
0.395334
0.395334
0.395335
0.395338
0.39534
0.39534
0.395347
0.395352
0.395354
0.395355
0.395369
0.395371
0.395378
0.395378
0.395379
0.395379
0.395381
0.395382
0.395386
0.395388
0.395394
0.395396
0.3954
0.395402
0.395403
0.395407
0.395423
0.395425
0.395426
0.395436
0.395437
0.395441
0.395442
0.395445
0.395453
0.395458
0.395458
0.395474
0.395474
0.395479
0.39548
0.39548
0.395487
0.395487
0.395487
0.395488
0.395492
0.395492
0.395492
0.395497
0.395498
0.395499
0.395506
0.395509
0.39551
0.395511
0.395518
0.39552
0.395524
0.395526
0.395527
0.395528
0.39553
0.39553
0.395536
0.395537
0.395537
0.395539
0.39554
0.395541
0.395541
0.395542
0.395542
0.395543
0.395543
0.395546
0.395547
0.395548
0.395549
0.395549
0.395551
0.395552
0.395553
0.395553
0.395554
0.395557
0.395557
0.395559
0.395559
0.39556
0.39556
0.395562
0.395567
0.395569
0.39557
0.395571
0.395573
0.395575
0.395577
0.395577
0.395577
0.395577
0.395578
0.395579
0.395579
0.395579
0.395579
0.395582
0.395582
0.395582
0.395582
0.395582
0.395582
0.395582
0.395582
0.395583
0.395583
0.395583
0.395583
0.395583
0.395583
0.395583
0.395583
0.395583
0.395583
0.395583
0.395583
0.395583
0.395583
0.395583
0.395583
0.395582
0.395582
0.395582
0.395582
0.39558
0.39558
0.39558
0.395579
0.395579
0.395578
0.395578
0.395576
0.395575
0.395573
0.395571
0.395571
0.395571
0.395571
0.39557
0.39557
0.395569
0.395568
0.395566
0.395566
0.395565
0.395565
0.395564
0.395562
0.395561
0.395561
0.395559
0.395557
0.395557
0.395557
0.395553
0.39555
0.395548
0.395547
0.395547
0.395545
0.39554
0.395539
0.395537
0.395537
0.395535
0.395534
0.395534
0.395532
0.395531
0.39553
0.395528
0.395526
0.395523
0.395519
0.395518
0.395518
0.395515
0.395515
0.395515
0.395514
0.395513
0.395512
0.395511
0.395508
0.395505
0.395504
0.395499
0.395492
0.395491
0.395484
0.395484
0.395484
0.39547
0.395457
0.395456
0.395454
0.395453
0.395451
0.395451
0.39545
0.395447
0.395441
0.395441
0.395431
0.395431
0.395428
0.395427
0.395426
0.395425
0.395423
0.39542
0.395416
0.395411
0.395409
0.395407
0.395399
0.395396
0.395393
0.39539
0.39539
0.395389
0.395388
0.395385
0.395383
0.395379
0.395377
0.395366
0.395365
0.395364
0.395363
0.395358
0.395358
0.395356
0.395354
0.39535
0.395349
0.395341
0.39534
0.395334
0.395331
0.39533
0.395327
0.395322
0.395321
0.395315
0.395313
0.395307
0.395306
0.395305
0.395305
0.395303
0.395299
0.395295
0.395294
0.39529
0.395286
0.395279
0.395278
0.395277
0.395277
0.395269
0.395269
0.395268
0.395263
0.395255
0.395254
0.395252
0.395248
0.395247
0.395228
0.395228
0.395214
0.395209
0.395208
0.395204
0.395203
0.395197
0.395194
0.395193
0.395178
0.395178
0.395176
0.39517
0.395169
0.395168
0.395161
0.395157
0.395156
0.395153
0.395148
0.395144
0.395139
0.395131
0.395129
0.395127
0.395122
0.395119
0.395115
0.395111
0.395108
0.395103
0.395102
0.395099
0.395095
0.395093
0.395089
0.395082
0.39508
0.395077
0.395069
0.395067
0.395065
0.395063
0.395062
0.395062
0.395061
0.395058
0.395053
0.395051
0.395046
0.395043
0.395038
0.395035
0.395026
0.395024
0.395018
0.395014
0.395013
0.395013
0.395007
0.395002
0.395001
0.395001
0.395001
0.394997
0.394996
0.394992
0.394991
0.394974
0.394973
0.394968
0.394962
0.394946
0.394944
0.394941
0.394939
0.394937
0.394936
0.394929
0.394923
0.394914
0.39491
0.394898
0.394894
0.394894
0.394893
0.394889
0.394888
0.394883
0.394882
0.394878
0.394873
0.394871
0.394869
0.394862
0.394855
0.394845
0.394834
0.394827
0.394822
0.394808
0.394802
0.394792
0.394789
0.394787
0.394772
0.394769
0.394766
0.394765
0.39476
0.39474
0.39472
0.394719
0.394705
0.394693
0.394684
0.394683
0.394665
0.394664
0.394662
0.394646
0.394644
0.394619
0.394611
0.394608
0.394607
0.394581
0.39458
0.394577
0.394576
0.394575
0.394566
0.394565
0.394561
0.394554
0.394549
0.394515
0.394494
0.394491
0.394486
0.394482
0.394474
0.394466
0.394438
0.394437
0.394435
0.394428
0.394422
0.394412
0.39441
0.394398
0.394393
0.394385
0.394379
0.394378
0.394375
0.394371
0.394368
0.394366
0.39436
0.39435
0.394316
0.394315
0.394312
0.394299
0.394292
0.394288
0.394286
0.394285
0.394283
0.394276
0.394273
0.394268
0.394263
0.394259
0.394254
0.394241
0.394235
0.394232
0.39423
0.394225
0.394225
0.394207
0.394196
0.394184
0.394169
0.394164
0.394156
0.39415
0.394147
0.394147
0.394143
0.394129
0.394114
0.394095
0.394087
0.394054
0.394048
0.394041
0.394034
0.39402
0.394015
0.394009
0.394001
0.393999
0.393991
0.393971
0.39396
0.393959
0.393957
0.393951
0.393948
0.393947
0.393947
0.393929
0.393926
0.393911
0.393903
0.393882
0.393873
0.393868
0.393855
0.393833
0.393821
0.393807
0.393791
0.39376
0.393755
0.393749
0.393747
0.393745
0.393734
0.393725
0.393713
0.393698
0.393684
0.393673
0.39367
0.393644
0.393619
0.393605
0.393599
0.393582
0.393575
0.393553
0.393537
0.393516
0.393515
0.3935
0.393474
0.39346
0.393453
0.39344
0.39344
0.393426
0.39342
0.393417
0.3934
0.393397
0.393396
0.393385
0.393382
0.393378
0.393368
0.393364
0.393336
0.39333
0.393328
0.393307
0.393302
0.393296
0.393296
0.393295
0.393291
0.393279
0.393276
0.393272
0.39326
0.393257
0.39323
0.39323
0.39321
0.3932
0.3932
0.393176
0.393151
0.39315
0.393124
0.393121
0.393117
0.393105
0.393102
0.393099
0.393096
0.393085
0.39308
0.39308
0.393063
0.393062
0.393044
0.393041
0.393033
0.393021
0.393019
0.393006
0.392981
0.39298
0.392974
0.392966
0.392939
0.392927
0.392922
0.392916
0.392912
0.392891
0.392852
0.392835
0.392826
0.392803
0.392766
0.392761
0.392759
0.39274
0.392722
0.392703
0.392699
0.392691
0.392687
0.392679
0.392677
0.392676
0.392669
0.392663
0.392663
0.392653
0.392641
0.392635
0.392618
0.392609
0.392578
0.392571
0.392565
0.392551
0.392536
0.392525
0.392515
0.392506
0.392499
0.392493
0.392482
0.392465
0.392438
0.392426
0.392424
0.392403
0.3924
0.392389
0.392384
0.392377
0.392375
0.392347
0.392344
0.392343
0.392338
0.392328
0.392314
0.392312
0.392306
0.392277
0.392267
0.392266
0.392261
0.392252
0.392239
0.392239
0.392224
0.392223
0.392214
0.392196
0.392187
0.392157
0.392131
0.392123
0.392111
0.392043
0.392032
0.392021
0.391997
0.391988
0.391962
0.39196
0.391944
0.391938
0.391931
0.391926
0.391915
0.391909
0.391905
0.391881
0.391865
0.391837
0.391823
0.391821
0.391808
0.391793
0.391789
0.39174
0.391694
0.391684
0.391674
0.391666
0.391665
0.391644
0.391611
0.39161
0.391597
0.391596
0.391587
0.391576
0.39157
0.391565
0.391534
0.391517
0.391504
0.391483
0.391468
0.391451
0.39144
0.391424
0.391421
0.39136
0.391331
0.391297
0.391279
0.391278
0.391273
0.39122
0.391217
0.39121
0.391201
0.391196
0.391181
0.391178
0.391171
0.391134
0.391102
0.391092
0.391069
0.391063
0.391058
0.391032
0.391031
0.391002
0.390992
0.390987
0.39098
0.390978
0.390955
0.39093
0.390925
0.390916
0.390898
0.390896
0.390888
0.390852
0.390847
0.390846
0.390801
0.390793
0.390774
0.390768
0.3907
0.390683
0.390669
0.390663
0.390654
0.390652
0.390613
0.390579
0.390548
0.390523
0.390523
0.390516
0.390506
0.390492
0.390491
0.390479
0.390466
0.39046
0.390443
0.390425
0.390413
0.390395
0.390377
0.390372
0.390353
0.390348
0.390336
0.390328
0.390298
0.390296
0.390276
0.39026
0.390243
0.390243
0.390242
0.390237
0.39023
0.390208
0.39019
0.390143
0.390133
0.390116
0.39011
0.390108
0.390099
0.390088
0.390071
0.390055
0.390038
0.390031
0.390016
0.38999
0.389949
0.38988
0.389848
0.389823
0.389818
0.389817
0.389811
0.389753
0.38966
0.389658
0.389647
0.389631
0.389616
0.389609
0.389608
0.389583
0.389576
0.389564
0.389555
0.389513
0.389503
0.389492
0.389489
0.389458
0.389422
0.389377
0.389377
0.389375
0.389372
0.389313
0.389245
0.389238
0.389229
0.389229
0.389207
0.389199
0.389185
0.389144
0.389139
0.389135
0.389134
0.389126
0.389126
0.389123
0.389107
0.389099
0.389084
0.389066
0.389053
0.388908
0.388877
0.388862
0.38878
0.388774
0.388758
0.388743
0.388728
0.388725
0.388718
0.388716
0.388709
0.388693
0.38868
0.388668
0.388665
0.388643
0.388641
0.38863
0.388628
0.388609
0.388558
0.388543
0.388522
0.388515
0.388504
0.388501
0.388435
0.388432
0.388424
0.38842
0.388398
0.388394
0.388359
0.388334
0.388305
0.38818
0.388152
0.38812
0.388097
0.388082
0.388072
0.388068
0.388046
0.388029
0.388024
0.388022
0.388001
0.387938
0.387911
0.387857
0.387772
0.387712
0.387705
0.387683
0.387671
0.387646
0.387643
0.387626
0.387603
0.387593
0.387578
0.387578
0.38756
0.387559
0.387548
0.387545
0.387539
0.387495
0.387472
0.387457
0.387443
0.387436
0.387423
0.387409
0.387401
0.387384
0.38736
0.387342
0.387317
0.387285
0.387282
0.387259
0.387259
0.387258
0.387248
0.387223
0.38721
0.387188
0.387168
0.387118
0.387089
0.387086
0.387052
0.387021
0.387017
0.38699
0.386979
0.386942
0.386929
0.386914
0.386904
0.386847
0.386832
0.386797
0.386784
0.386781
0.386675
0.386675
0.386674
0.386672
0.386659
0.386627
0.386591
0.386556
0.386548
0.386547
0.386536
0.386522
0.386521
0.386463
0.38644
0.386418
0.386414
0.386394
0.386387
0.386381
0.386377
0.386334
0.386311
0.386266
0.386262
0.386258
0.386229
0.386222
0.386219
0.386212
0.386205
0.386193
0.386164
0.386109
0.386109
0.386079
0.386073
0.386065
0.386048
0.386025
0.385999
0.385998
0.38599
0.385951
0.38595
0.385939
0.385916
0.385907
0.385898
0.385897
0.385887
0.385875
0.385859
0.385859
0.385851
0.385835
0.385797
0.385783
0.385777
0.385759
0.38574
0.385721
0.385714
0.385685
0.385682
0.385682
0.385677
0.385661
0.385658
0.385648
0.385626
0.385595
0.385583
0.385573
0.385566
0.385551
0.38555
0.385549
0.385549
0.385471
0.385443
0.385392
0.385337
0.385292
0.385283
0.385243
0.385239
0.385194
0.385192
0.38519
0.385183
0.385169
0.385164
0.385158
0.385147
0.385101
0.385099
0.38503
0.38501
0.38501
0.385009
0.384971
0.38491
0.384908
0.3849
0.384873
0.384866
0.384836
0.384827
0.384816
0.384794
0.384777
0.384753
0.384734
0.384716
0.384706
0.384662
0.384628
0.384623
0.384601
0.384581
0.384523
0.38451
0.384473
0.384457
0.384455
0.384431
0.384428
0.384421
0.384408
0.384396
0.384391
0.384377
0.384377
0.384376
0.384333
0.384326
0.384289
0.384274
0.384255
0.384242
0.384184
0.384172
0.384159
0.384147
0.384138
0.384126
0.384107
0.384088
0.38407
0.384064
0.38402
0.38402
0.384017
0.384003
0.383985
0.383959
0.38395
0.383944
0.383899
0.383877
0.383856
0.383853
0.383841
0.383838
0.383826
0.383808
0.3838
0.383799
0.383795
0.383791
0.383755
0.383754
0.383723
0.383712
0.383689
0.383656
0.383647
0.383622
0.383603
0.383601
0.38351
0.383497
0.383464
0.383422
0.383411
0.383385
0.383376
0.383357
0.383265
0.383227
0.383202
0.383178
0.383154
0.383141
0.383132
0.383111
0.383104
0.383069
0.383062
0.38305
0.383
0.382984
0.382957
0.382934
0.382921
0.382901
0.382894
0.382892
0.382875
0.382839
0.382821
0.382818
0.382785
0.382739
0.382722
0.382668
0.382641
0.382638
0.382637
0.38263
0.382621
0.382604
0.382597
0.382526
0.382431
0.382373
0.382356
0.382348
0.382332
0.382326
0.382323
0.382322
0.382295
0.382246
0.382217
0.382214
0.3822
0.382193
0.382176
0.38203
0.382022
0.382009
0.38199
0.381974
0.381955
0.3819
0.381863
0.381823
0.381809
0.381778
0.381764
0.381741
0.381679
0.381649
0.381616
0.381601
0.381584
0.381582
0.381495
0.381472
0.381449
0.381436
0.381428
0.381419
0.381409
0.38135
0.381298
0.381292
0.381252
0.381225
0.381208
0.381179
0.381176
0.381165
0.381074
0.381058
0.381056
0.381041
0.38104
0.381018
0.381012
0.380957
0.380955
0.380889
0.380842
0.380823
0.380795
0.380777
0.380774
0.38077
0.380749
0.380741
0.380735
0.380731
0.380722
0.380717
0.380688
0.380512
0.380478
0.380419
0.38041
0.380395
0.380369
0.380295
0.380277
0.380271
0.380258
0.380247
0.380223
0.380174
0.380157
0.38012
0.380111
0.380041
0.379923
0.379917
0.37989
0.379888
0.379849
0.379839
0.379833
0.379801
0.379783
0.379771
0.379749
0.379738
0.379728
0.379701
0.379658
0.379626
0.379546
0.379478
0.379443
0.379443
0.379425
0.379414
0.379413
0.379404
0.379352
0.379351
0.379344
0.379321
0.379294
0.379253
0.379249
0.379248
0.379221
0.379187
0.379185
0.379184
0.379175
0.379137
0.37906
0.379044
0.379018
0.378961
0.378926
0.378691
0.378635
0.378622
0.378529
0.378485
0.378421
0.378411
0.378381
0.378358
0.378346
0.378321
0.378246
0.378166
0.378092
0.378087
0.378084
0.378028
0.378021
0.37802
0.377979
0.377966
0.377859
0.377796
0.377772
0.377664
0.377579
0.377541
0.377523
0.377522
0.377515
0.377455
0.377405
0.377383
0.377375
0.377374
0.37735
0.37734
0.37729
0.377285
0.377231
0.377142
0.377141
0.37714
0.377126
0.377079
0.37706
0.377021
0.376963
0.376952
0.376942
0.376892
0.376885
0.376835
0.376807
0.37679
0.376785
0.376752
0.376751
0.376739
0.376716
0.376695
0.376685
0.376639
0.376593
0.376501
0.376476
0.376474
0.37645
0.376414
0.376361
0.37636
0.376356
0.376345
0.376314
0.376303
0.37628
0.376266
0.376197
0.376168
0.376139
0.376121
0.376038
0.37601
0.376009
0.375983
0.375931
0.375912
0.37591
0.375833
0.375832
0.375773
0.37577
0.375747
0.375739
0.375731
0.375718
0.375673
0.375665
0.375602
0.375595
0.37559
0.375548
0.375544
0.375518
0.375498
0.375495
0.375484
0.375437
0.375419
0.375411
0.375355
0.375321
0.375317
0.375278
0.375275
0.37518
0.375139
0.375129
0.375099
0.375084
0.37505
0.374984
0.374876
0.374841
0.374828
0.374684
0.374679
0.374671
0.374661
0.37466
0.374654
0.374606
0.374561
0.374553
0.374548
0.37454
0.37452
0.374466
0.374419
0.374336
0.374288
0.374257
0.374218
0.374211
0.374182
0.374144
0.374138
0.374095
0.37405
0.374017
0.374009
0.373975
0.373921
0.373916
0.373912
0.373895
0.3738
0.373779
0.37375
0.373746
0.373726
0.373723
0.373696
0.373628
0.373604
0.373593
0.373583
0.373552
0.373518
0.373503
0.373495
0.373485
0.37343
0.373375
0.373347
0.373287
0.373267
0.373244
0.373242
0.373238
0.373186
0.373165
0.373126
0.37304
0.373035
0.373031
0.373001
0.372962
0.372941
0.37294
0.372852
0.372843
0.37279
0.372761
0.372716
0.372702
0.372699
0.372699
0.372657
0.372648
0.372641
0.372473
0.372404
0.372382
0.372173
0.372152
0.372109
0.3721
0.372086
0.372035
0.372034
0.372032
0.372021
0.372017
0.372012
0.37199
0.371971
0.371889
0.371876
0.371875
0.37185
0.371785
0.371748
0.37174
0.371643
0.371627
0.37152
0.371515
0.371494
0.371456
0.371447
0.371404
0.371401
0.371358
0.371322
0.3713
0.371295
0.371252
0.371229
0.371228
0.371195
0.371194
0.371103
0.371061
0.371019
0.370893
0.370818
0.370761
0.370734
0.3707
0.370644
0.370639
0.370589
0.370515
0.370487
0.370461
0.370412
0.370412
0.370385
0.37036
0.370342
0.370312
0.370281
0.370188
0.370179
0.370167
0.370162
0.370126
0.370094
0.37009
0.370071
0.370068
0.370067
0.369965
0.36988
0.369859
0.369826
0.369793
0.369785
0.369708
0.369707
0.369699
0.369695
0.36969
0.369658
0.369637
0.369627
0.369621
0.369532
0.369512
0.369512
0.369491
0.369444
0.369401
0.369347
0.369309
0.369269
0.369247
0.369214
0.369185
0.369176
0.369151
0.369148
0.36907
0.369061
0.369054
0.369024
0.36901
0.369001
0.368973
0.368955
0.368911
0.368899
0.368864
0.36884
0.36876
0.368734
0.368712
0.368697
0.368437
0.3684
0.36838
0.368351
0.368341
0.368321
0.368274
0.368193
0.368191
0.368149
0.368144
0.368122
0.36801
0.367965
0.367921
0.367904
0.367867
0.367821
0.367795
0.367748
0.367621
0.367613
0.367612
0.36756
0.367492
0.367481
0.367398
0.367389
0.367363
0.36735
0.367347
0.367347
0.367301
0.367268
0.36726
0.367249
0.367157
0.367124
0.367045
0.367019
0.367016
0.366935
0.366924
0.366914
0.366875
0.366866
0.366856
0.366843
0.366831
0.366814
0.366678
0.366597
0.366586
0.366577
0.366551
0.366525
0.36651
0.366415
0.366387
0.366333
0.366264
0.366215
0.366176
0.36611
0.366093
0.366066
0.366022
0.365987
0.365978
0.365929
0.365869
0.365861
0.365784
0.365694
0.365652
0.36558
0.365417
0.365403
0.365369
0.365339
0.365323
0.365208
0.365197
0.36517
0.365138
0.365097
0.365031
0.364995
0.364989
0.364905
0.364793
0.364761
0.364695
0.364692
0.364635
0.364569
0.364531
0.364491
0.364409
0.364387
0.364385
0.364337
0.364298
0.364189
0.36412
0.36409
0.364044
0.363994
0.363971
0.363909
0.363817
0.363777
0.363756
0.363754
0.363725
0.363674
0.363668
0.363602
0.363598
0.363568
0.363481
0.363446
0.363412
0.363397
0.363245
0.363225
0.363217
0.363207
0.363103
0.363102
0.36308
0.362981
0.362967
0.36295
0.362844
0.362797
0.362731
0.362715
0.362694
0.362635
0.362588
0.362574
0.362456
0.36245
0.362432
0.362426
0.36239
0.362377
0.362305
0.362174
0.362155
0.362067
0.362016
0.361968
0.361937
0.361928
0.361904
0.361838
0.361811
0.361803
0.361774
0.361696
0.361692
0.36168
0.36157
0.361508
0.361503
0.361471
0.361385
0.361326
0.361296
0.361271
0.361263
0.361217
0.361012
0.360943
0.36089
0.360748
0.360723
0.360678
0.360677
0.360626
0.360464
0.360343
0.360251
0.360194
0.36013
0.36011
0.360096
0.360094
0.360094
0.359973
0.359953
0.359935
0.359874
0.359871
0.359856
0.359731
0.359685
0.359647
0.359641
0.359604
0.359594
0.359588
0.359577
0.359576
0.359574
0.359567
0.35956
0.359475
0.359442
0.359408
0.359399
0.359386
0.359384
0.35926
0.359152
0.359095
0.359031
0.358881
0.358846
0.358846
0.358832
0.358805
0.358701
0.358671
0.358645
0.358615
0.358596
0.358557
0.358545
0.358535
0.358526
0.358417
0.358406
0.358305
0.358295
0.35824
0.358175
0.358124
0.358042
0.358028
0.357985
0.357971
0.357914
0.357905
0.357886
0.357854
0.357755
0.357748
0.357693
0.357593
0.357582
0.357547
0.357519
0.357514
0.357261
0.357244
0.357078
0.35704
0.356992
0.356988
0.356917
0.356852
0.356769
0.356726
0.356691
0.356688
0.356544
0.356462
0.356452
0.356405
0.356366
0.356246
0.356158
0.356117
0.356107
0.356091
0.356049
0.355975
0.355945
0.355911
0.355831
0.355771
0.355733
0.355667
0.35552
0.355499
0.355482
0.35543
0.355428
0.355421
0.355416
0.355366
0.355337
0.355254
0.355237
0.355169
0.355154
0.355143
0.355017
0.355008
0.354882
0.354768
0.354702
0.354662
0.354622
0.354583
0.35457
0.354565
0.354549
0.354495
0.354477
0.354419
0.354408
0.354371
0.354201
0.354177
0.354137
0.354032
0.353888
0.353796
0.353774
0.353605
0.35357
0.353569
0.353552
0.353513
0.353494
0.353461
0.353383
0.353346
0.353319
0.353224
0.353197
0.353183
0.353174
0.353047
0.353044
0.35297
0.352967
0.352846
0.352825
0.352818
0.352783
0.352748
0.35273
0.352668
0.352571
0.352474
0.352473
0.352361
0.352237
0.352204
0.352097
0.352045
0.352032
0.352
0.351977
0.351881
0.351873
0.351867
0.351828
0.351731
0.351698
0.351606
0.351586
0.351578
0.351546
0.351517
0.351473
0.351449
0.351333
0.351275
0.351133
0.351107
0.350983
0.350934
0.3509
0.350872
0.350843
0.350784
0.350775
0.350758
0.350646
0.350645
0.350644
0.350617
0.350551
0.350488
0.350459
0.350454
0.350415
0.350397
0.350354
0.350298
0.350272
0.350136
0.35011
0.350091
0.35006
0.350042
0.350041
0.350029
0.350028
0.350011
0.34995
0.349883
0.349861
0.349858
0.349794
0.349768
0.349765
0.349723
0.349505
0.349491
0.349447
0.349424
0.349396
0.349356
0.349337
0.349236
0.349236
0.34922
0.349211
0.34917
0.349091
0.349068
0.349059
0.349039
0.349036
0.34902
0.348853
0.348804
0.348803
0.348722
0.348717
0.348622
0.348608
0.348383
0.348365
0.348356
0.34835
0.34834
0.348307
0.348288
0.348156
0.348116
0.348064
0.347997
0.347965
0.347962
0.347918
0.347766
0.347747
0.347694
0.347688
0.347573
0.347559
0.34742
0.347405
0.347398
0.347367
0.347322
0.347236
0.347189
0.347182
0.347126
0.347005
0.346978
0.346967
0.346804
0.346684
0.346614
0.346595
0.34659
0.346578
0.346562
0.346452
0.346404
0.346358
0.346276
0.346237
0.346177
0.346177
0.346157
0.346123
0.346111
0.346105
0.346083
0.346059
0.345952
0.345875
0.345826
0.345782
0.345701
0.345694
0.345638
0.34557
0.345555
0.345543
0.345529
0.345463
0.345459
0.345382
0.345365
0.345352
0.345351
0.345302
0.345211
0.34521
0.345105
0.345104
0.345099
0.34508
0.34503
0.345017
0.344972
0.344945
0.344938
0.344886
0.344849
0.344826
0.344783
0.34467
0.344629
0.344596
0.344511
0.344506
0.344489
0.344463
0.344283
0.344251
0.344238
0.344052
0.343766
0.343735
0.343724
0.343702
0.343656
0.343515
0.343508
0.34343
0.343415
0.343356
0.343207
0.343163
0.343162
0.343121
0.343121
0.343053
0.34296
0.342955
0.342849
0.342834
0.342814
0.342798
0.342727
0.342553
0.342443
0.342356
0.342123
0.34203
0.341895
0.341893
0.341839
0.341764
0.341657
0.341619
0.341521
0.341474
0.341473
0.341433
0.34139
0.341357
0.341304
0.34125
0.341191
0.341146
0.341137
0.341132
0.341112
0.341093
0.341053
0.341043
0.341043
0.341025
0.340928
0.340917
0.340877
0.340836
0.340818
0.340809
0.340712
0.340691
0.340675
0.340666
0.340611
0.340479
0.340468
0.340426
0.340269
0.3402
0.340199
0.34008
0.34007
0.340053
0.339988
0.339963
0.33993
0.339869
0.339757
0.33975
0.339713
0.339582
0.33954
0.339522
0.339459
0.339382
0.339312
0.339284
0.339235
0.33923
0.339204
0.339124
0.339021
0.339013
0.338928
0.338911
0.338844
0.33877
0.338616
0.338609
0.33859
0.338544
0.338512
0.338502
0.338141
0.338085
0.338042
0.337825
0.337693
0.337438
0.337429
0.337405
0.337398
0.337249
0.337205
0.337156
0.337083
0.337048
0.336958
0.336795
0.33667
0.336475
0.336473
0.336431
0.336423
0.336351
0.336348
0.336338
0.336317
0.336051
0.335882
0.335857
0.335852
0.335813
0.335809
0.335778
0.335729
0.335674
0.335546
0.335519
0.335436
0.335422
0.335398
0.335395
0.335163
0.335027
0.335008
0.334894
0.334825
0.33482
0.334671
0.334652
0.334559
0.334527
0.334478
0.334416
0.334385
0.334358
0.334312
0.334245
0.334245
0.334207
0.334143
0.334128
0.334072
0.334053
0.334011
0.33399
0.333974
0.333827
0.333805
0.333717
0.333699
0.333691
0.333668
0.333566
0.333537
0.333392
0.333339
0.333323
0.333228
0.333199
0.333158
0.333092
0.333031
0.332947
0.332926
0.332921
0.332847
0.332842
0.332742
0.332734
0.332648
0.332646
0.332559
0.332536
0.332509
0.332502
0.332498
0.332488
0.332422
0.332345
0.332341
0.332314
0.33219
0.332116
0.331999
0.331984
0.331924
0.331922
0.331892
0.33186
0.331732
0.331616
0.331581
0.331565
0.33152
0.331475
0.331458
0.331342
0.331273
0.331106
0.331011
0.330979
0.330914
0.330857
0.330803
0.330722
0.330692
0.330605
0.330541
0.330509
0.330488
0.330464
0.330423
0.330402
0.330339
0.330337
0.330279
0.330269
0.330097
0.330044
0.329943
0.329908
0.329861
0.329785
0.329767
0.32976
0.329706
0.329694
0.329622
0.329537
0.3295
0.329355
0.329232
0.329116
0.329075
0.329024
0.329021
0.328999
0.328983
0.328917
0.328836
0.328671
0.328481
0.328461
0.328416
0.328282
0.32819
0.32801
0.327966
0.327903
0.32774
0.32773
0.327726
0.327554
0.327518
0.327339
0.326936
0.326897
0.326834
0.32679
0.326645
0.326637
0.326593
0.326515
0.326471
0.326401
0.326358
0.326326
0.326311
0.326135
0.325909
0.325881
0.325796
0.325734
0.325642
0.325626
0.325511
0.325455
0.325454
0.325453
0.325446
0.325375
0.325271
0.325218
0.325215
0.324996
0.324963
0.324958
0.324928
0.3248
0.324772
0.324732
0.3247
0.324679
0.324628
0.324523
0.324348
0.324313
0.324308
0.324289
0.32418
0.324176
0.324007
0.323976
0.323972
0.323899
0.323847
0.323815
0.323787
0.323786
0.323608
0.323599
0.323597
0.323571
0.323517
0.323509
0.323457
0.323345
0.323322
0.323311
0.32329
0.323252
0.323166
0.323106
0.322932
0.322893
0.322853
0.322806
0.322571
0.322564
0.322385
0.322356
0.322151
0.322099
0.322085
0.32191
0.321803
0.321774
0.321684
0.321668
0.321653
0.321455
0.321447
0.321446
0.321437
0.321298
0.321295
0.321281
0.321158
0.321118
0.321071
0.32093
0.32081
0.320763
0.320631
0.320617
0.320561
0.320463
0.320451
0.320214
0.320087
0.320082
0.320078
0.320001
0.319911
0.319887
0.319742
0.319562
0.319461
0.319369
0.319339
0.319172
0.319067
0.31903
0.318999
0.318995
0.318931
0.31893
0.318881
0.318851
0.318824
0.318787
0.318689
0.318592
0.31858
0.318503
0.318499
0.318498
0.318436
0.318401
0.318253
0.318196
0.318146
0.317972
0.317903
0.317878
0.317824
0.317822
0.317796
0.317717
0.317693
0.317599
0.317591
0.317516
0.317352
0.317267
0.317235
0.31715
0.317137
0.31711
0.317093
0.317091
0.317019
0.316761
0.31671
0.31662
0.316618
0.316369
0.316365
0.31618
0.316179
0.316159
0.316107
0.316107
0.316055
0.315954
0.31592
0.315837
0.315745
0.315727
0.315722
0.315695
0.315605
0.31559
0.315507
0.315402
0.3154
0.315318
0.315309
0.315198
0.315131
0.315092
0.31495
0.314937
0.314824
0.314743
0.314733
0.314591
0.314584
0.314579
0.314556
0.314406
0.314382
0.314307
0.314223
0.314116
0.314074
0.314051
0.314018
0.313933
0.313896
0.313849
0.313808
0.313676
0.313611
0.313497
0.313313
0.313296
0.313102
0.313022
0.312943
0.312885
0.312873
0.312793
0.312676
0.312666
0.312571
0.3124
0.312368
0.312364
0.312296
0.312196
0.312146
0.312138
0.312015
0.311992
0.31196
0.311769
0.311755
0.311721
0.311697
0.311657
0.311641
0.311379
0.311277
0.311257
0.311228
0.311044
0.310859
0.310779
0.310746
0.310734
0.3106
0.310552
0.310546
0.310315
0.310295
0.310285
0.310142
0.30996
0.309937
0.30991
0.3097
0.309598
0.309481
0.309472
0.308962
0.308882
0.308855
0.308634
0.308629
0.308384
0.3083
0.308206
0.308177
0.308016
0.307995
0.307898
0.307845
0.307753
0.307704
0.307662
0.307626
0.307529
0.307444
0.307351
0.30728
0.307268
0.307246
0.30717
0.307057
0.306725
0.306713
0.306711
0.306659
0.306516
0.306478
0.306361
0.306319
0.306314
0.306257
0.306197
0.306108
0.306011
0.305962
0.305837
0.305716
0.305606
0.305541
0.305541
0.305539
0.3055
0.305405
0.305387
0.305356
0.305274
0.305228
0.305212
0.30517
0.304975
0.304974
0.304906
0.304783
0.304783
0.304734
0.304497
0.304479
0.304371
0.304123
0.304068
0.304023
0.304011
0.303974
0.303963
0.303947
0.303884
0.303868
0.303744
0.303483
0.303302
0.303069
0.303004
0.302992
0.302953
0.302913
0.302861
0.302855
0.302622
0.302402
0.302363
0.302342
0.302245
0.302139
0.302097
0.302052
0.301949
0.301947
0.301905
0.301903
0.301543
0.301514
0.301341
0.301028
0.300661
0.30064
0.300567
0.300295
0.300098
0.299921
0.299714
0.299705
0.299679
0.299529
0.299509
0.299417
0.29938
0.299361
0.299196
0.299111
0.299089
0.299043
0.299017
0.299001
0.298992
0.298968
0.298831
0.298772
0.298753
0.298647
0.298582
0.298473
0.298399
0.29818
0.298162
0.298144
0.298068
0.298013
0.29786
0.297816
0.297815
0.297747
0.297702
0.297576
0.297524
0.297512
0.297505
0.297465
0.297438
0.29739
0.297287
0.297251
0.297149
0.296939
0.296911
0.296432
0.296366
0.296244
0.296213
0.296171
0.296165
0.296083
0.295951
0.295923
0.295896
0.295806
0.295802
0.295791
0.29576
0.295729
0.295658
0.295519
0.29527
0.295173
0.295168
0.294967
0.294845
0.294755
0.294737
0.294703
0.294672
0.294508
0.294477
0.294418
0.2944
0.294209
0.29411
0.294
0.293816
0.293693
0.293668
0.29366
0.293581
0.293578
0.293532
0.293446
0.293445
0.293393
0.293369
0.293292
0.293259
0.293242
0.293222
0.293217
0.293167
0.293117
0.292994
0.292804
0.292741
0.292679
0.292608
0.292551
0.29255
0.292482
0.29225
0.292242
0.29213
0.292015
0.291881
0.291763
0.29176
0.29175
0.291547
0.291498
0.291495
0.291404
0.29133
0.291132
0.291127
0.291059
0.290983
0.29093
0.290893
0.290883
0.29066
0.290617
0.290534
0.290519
0.290495
0.290272
0.290227
0.290124
0.290077
0.289991
0.28995
0.289893
0.289718
0.289589
0.289566
0.289509
0.289446
0.289327
0.28915
0.289002
0.288978
0.288938
0.288882
0.288842
0.288752
0.288547
0.288483
0.288282
0.288252
0.287941
0.28764
0.287509
0.287374
0.287313
0.2873
0.287277
0.287232
0.286965
0.28686
0.286819
0.28672
0.286684
0.286656
0.286538
0.286343
0.286314
0.286287
0.286217
0.285966
0.285952
0.285881
0.28583
0.285719
0.285479
0.28539
0.285295
0.285156
0.285092
0.285086
0.285031
0.284942
0.284905
0.284775
0.284755
0.284729
0.284605
0.284524
0.284388
0.284227
0.284161
0.28395
0.283866
0.283793
0.283717
0.283715
0.283649
0.283569
0.283441
0.283298
0.28314
0.282868
0.28275
0.282656
0.282587
0.282352
0.282339
0.282243
0.282154
0.281912
0.281671
0.281547
0.28152
0.281451
0.281341
0.281068
0.280949
0.280863
0.280851
0.280834
0.280743
0.28071
0.28068
0.280597
0.280586
0.280549
0.280469
0.28043
0.280391
0.280342
0.280308
0.279963
0.279918
0.279889
0.279866
0.279821
0.27979
0.279702
0.279702
0.279662
0.279466
0.279424
0.279378
0.279317
0.279285
0.279268
0.279238
0.279211
0.279209
0.279121
0.279045
0.279016
0.278935
0.278911
0.278857
0.278855
0.278821
0.278585
0.278563
0.278555
0.278551
0.278521
0.278448
0.278415
0.278241
0.278147
0.278001
0.27796
0.277926
0.277854
0.277798
0.277766
0.277751
0.277723
0.277717
0.277697
0.277618
0.277597
0.277592
0.277538
0.277521
0.277345
0.277331
0.277328
0.277245
0.277212
0.277166
0.277153
0.27711
0.277085
0.27692
0.276758
0.27675
0.276721
0.276616
0.27661
0.27661
0.276484
0.276415
0.276371
0.276366
0.276343
0.276282
0.27627
0.276166
0.275903
0.275817
0.275773
0.275746
0.275722
0.275594
0.275521
0.275443
0.275338
0.275241
0.275181
0.275144
0.275104
0.275052
0.274975
0.274971
0.274636
0.274627
0.274616
0.274585
0.274566
0.274473
0.274455
0.274363
0.274121
0.273964
0.273903
0.2739
0.273898
0.273688
0.273549
0.273342
0.273244
0.273156
0.273123
0.272961
0.27294
0.272764
0.272727
0.272658
0.272639
0.272584
0.272473
0.272444
0.272409
0.272388
0.2722
0.272129
0.272073
0.271932
0.27184
0.271736
0.271648
0.271613
0.271588
0.271496
0.271145
0.271031
0.270978
0.270907
0.270874
0.270832
0.270806
0.270772
0.27076
0.270638
0.270629
0.270519
0.270366
0.27031
0.270303
0.270194
0.270147
0.270147
0.270117
0.270011
0.269999
0.269777
0.269617
0.26961
0.269484
0.269393
0.269349
0.269287
0.26924
0.269206
0.269187
0.269137
0.269135
0.26906
0.268932
0.268553
0.268552
0.268433
0.268283
0.268247
0.267862
0.267801
0.267762
0.267685
0.267675
0.26761
0.267559
0.267427
0.267337
0.267308
0.267248
0.266959
0.266955
0.26685
0.266832
0.266716
0.266525
0.266315
0.266278
0.266266
0.266148
0.266031
0.265983
0.265942
0.265854
0.265776
0.265773
0.265752
0.265717
0.265301
0.265252
0.265228
0.265197
0.26513
0.265119
0.26511
0.265082
0.264945
0.264873
0.26481
0.264805
0.264765
0.26469
0.264632
0.264536
0.26452
0.264401
0.264266
0.264253
0.26421
0.26415
0.264118
0.264067
0.263928
0.263842
0.263534
0.263435
0.263344
0.263147
0.263051
0.262934
0.262824
0.262721
0.262701
0.262544
0.262542
0.262181
0.262157
0.262101
0.262074
0.26204
0.262038
0.261817
0.261759
0.261508
0.261433
0.261428
0.261388
0.261216
0.261074
0.261061
0.261055
0.26097
0.260899
0.260878
0.260796
0.260757
0.260664
0.260473
0.260441
0.26007
0.260004
0.25991
0.259871
0.259804
0.259738
0.259729
0.259696
0.259631
0.259271
0.259256
0.258816
0.258814
0.25879
0.258029
0.257971
0.257898
0.257739
0.257613
0.257603
0.257557
0.257497
0.257339
0.257236
0.257217
0.256974
0.256901
0.256896
0.256785
0.256525
0.256497
0.256343
0.25627
0.256251
0.256227
0.256113
0.25603
0.25599
0.255913
0.255853
0.255727
0.255674
0.255652
0.25562
0.25542
0.255398
0.255318
0.255274
0.255128
0.255107
0.254786
0.254562
0.254547
0.254524
0.254367
0.25436
0.254248
0.254131
0.25406
0.25373
0.253712
0.253674
0.253534
0.253478
0.253313
0.253306
0.253157
0.253122
0.253114
0.252894
0.252794
0.252367
0.252346
0.252294
0.25221
0.252196
0.252184
0.251739
0.251615
0.251568
0.251508
0.251456
0.251401
0.251371
0.251325
0.251216
0.251148
0.251121
0.251079
0.251071
0.251035
0.250771
0.250764
0.250674
0.250287
0.250132
0.250023
0.24998
0.249858
0.249853
0.249768
0.249754
0.249688
0.249545
0.249396
0.24906
0.249052
0.249035
0.248999
0.248783
0.248777
0.248761
0.248686
0.248649
0.248559
0.248522
0.248405
0.248362
0.248019
0.247941
0.24789
0.247828
0.247585
0.247262
0.247201
0.24711
0.247061
0.246933
0.246837
0.246773
0.246668
0.246526
0.246398
0.246362
0.246341
0.246256
0.24624
0.246089
0.246027
0.24594
0.245926
0.245587
0.245535
0.245471
0.24529
0.245195
0.245072
0.245011
0.244835
0.244571
0.244456
0.244395
0.244242
0.244092
0.243931
0.243894
0.243884
0.243835
0.243778
0.243724
0.243671
0.243454
0.243289
0.243156
0.243078
0.242998
0.242998
0.242868
0.242412
0.241846
0.241734
0.24161
0.241585
0.241282
0.241233
0.241132
0.241121
0.241026
0.241024
0.240993
0.240954
0.240901
0.24065
0.240646
0.240541
0.240496
0.240496
0.240401
0.24022
0.240136
0.240003
0.239855
0.239668
0.239645
0.23958
0.239556
0.239461
0.23945
0.239359
0.239253
0.239194
0.239039
0.238791
0.238591
0.238536
0.238514
0.238489
0.238486
0.238398
0.238308
0.238119
0.23808
0.238077
0.238025
0.238022
0.23799
0.237745
0.23767
0.237631
0.237374
0.237334
0.237331
0.237282
0.237181
0.237159
0.237132
0.237093
0.236918
0.236916
0.236863
0.236671
0.236521
0.236317
0.236292
0.236211
0.236101
0.236026
0.235965
0.235917
0.235653
0.235628
0.235607
0.235468
0.235285
0.235256
0.235221
0.235207
0.235139
0.23508
0.234936
0.234766
0.234634
0.234585
0.234468
0.234339
0.234264
0.234261
0.234173
0.234117
0.234113
0.233932
0.233851
0.233814
0.233794
0.233672
0.233626
0.233348
0.23329
0.233252
0.232983
0.232977
0.232961
0.232939
0.232916
0.232874
0.232798
0.23279
0.232766
0.232709
0.232703
0.23262
0.232613
0.232602
0.232401
0.23234
0.232197
0.232128
0.231994
0.23198
0.231975
0.231755
0.231697
0.2315
0.231371
0.231353
0.231316
0.231286
0.231182
0.231091
0.230914
0.230871
0.230863
0.230744
0.230714
0.230655
0.230219
0.230102
0.230009
0.230003
0.2299
0.229703
0.229621
0.229592
0.229395
0.229394
0.22936
0.229095
0.229022
0.2284
0.228251
0.228236
0.228223
0.227388
0.227367
0.227339
0.227174
0.227153
0.227067
0.226997
0.226982
0.226948
0.226897
0.226771
0.226716
0.226713
0.226658
0.226643
0.2265
0.226455
0.22642
0.226242
0.226066
0.226039
0.226005
0.225983
0.225842
0.22556
0.225491
0.225436
0.225319
0.225255
0.224536
0.224529
0.224428
0.224386
0.223823
0.223675
0.22367
0.223568
0.223453
0.223381
0.22327
0.223088
0.223066
0.223026
0.222801
0.222769
0.222749
0.222715
0.22271
0.222611
0.222582
0.22237
0.222352
0.222339
0.222293
0.222284
0.222253
0.222165
0.221996
0.221935
0.221725
0.221716
0.221687
0.221648
0.221568
0.221468
0.221458
0.221228
0.221191
0.221109
0.22107
0.221039
0.220926
0.220859
0.220837
0.220608
0.220514
0.220318
0.220069
0.220069
0.219991
0.219959
0.219678
0.219663
0.219652
0.21965
0.219483
0.219405
0.219329
0.218823
0.218788
0.218708
0.218613
0.21841
0.21835
0.218232
0.218216
0.218116
0.218104
0.218087
0.218071
0.217775
0.217679
0.217576
0.217413
0.217362
0.217294
0.217242
0.217071
0.217041
0.216815
0.216783
0.216714
0.216498
0.21641
0.216274
0.21614
0.216046
0.216027
0.215959
0.215892
0.215889
0.215468
0.215416
0.215267
0.215185
0.215073
0.215035
0.214974
0.214965
0.214941
0.214909
0.214879
0.214792
0.214782
0.214736
0.214706
0.214466
0.21438
0.214192
0.214074
0.21376
0.213701
0.213693
0.213646
0.213615
0.21327
0.213013
0.213012
0.212747
0.212606
0.212512
0.212478
0.212305
0.211882
0.21187
0.211861
0.211744
0.211739
0.211715
0.211696
0.211555
0.211339
0.21128
0.211228
0.211154
0.210764
0.210663
0.210576
0.210346
0.210255
0.209764
0.209512
0.209479
0.20932
0.20926
0.209238
0.209018
0.208936
0.208643
0.208114
0.207981
0.207804
0.207803
0.207791
0.207739
0.207409
0.207324
0.207283
0.207227
0.207153
0.207038
0.207027
0.206959
0.206909
0.206799
0.206439
0.206418
0.206285
0.206277
0.206175
0.206172
0.205804
0.205787
0.205674
0.205601
0.205576
0.205404
0.205368
0.205333
0.20527
0.205038
0.204858
0.204741
0.204698
0.20465
0.204634
0.204605
0.204121
0.203849
0.203589
0.203525
0.203436
0.203429
0.20329
0.203217
0.203159
0.202938
0.202674
0.20265
0.202584
0.202501
0.202437
0.202434
0.202286
0.202256
0.202119
0.201992
0.201969
0.201754
0.201716
0.201512
0.201485
0.201401
0.201383
0.201269
0.201102
0.201043
0.201033
0.200877
0.200829
0.200688
0.200669
0.200255
0.200133
0.200118
0.200111
0.200078
0.199963
0.199888
0.199765
0.199506
0.199252
0.199183
0.19903
0.198867
0.198866
0.19859
0.198579
0.198552
0.198518
0.198287
0.198132
0.19808
0.197962
0.197903
0.197848
0.197839
0.197771
0.197602
0.197586
0.197567
0.197363
0.197145
0.19711
0.197046
0.196968
0.196917
0.196532
0.196416
0.19636
0.196274
0.196179
0.196012
0.195986
0.195908
0.195756
0.195444
0.19538
0.195155
0.195121
0.195039
0.194869
0.194682
0.194593
0.194442
0.194322
0.194279
0.194237
0.194193
0.19418
0.194025
0.193913
0.19391
0.193885
0.193822
0.193794
0.19376
0.193679
0.193639
0.193555
0.193541
0.193408
0.193123
0.192783
0.192581
0.192534
0.192486
0.192467
0.192375
0.191947
0.191814
0.191778
0.191667
0.191504
0.191416
0.191268
0.190829
0.1908
0.19074
0.190629
0.190504
0.190494
0.190474
0.190418
0.190152
0.189773
0.189744
0.189739
0.189716
0.189712
0.189712
0.189627
0.189609
0.18954
0.189495
0.189397
0.18933
0.189174
0.189167
0.188991
0.188531
0.188372
0.188217
0.187939
0.187903
0.187871
0.187842
0.187264
0.187244
0.187128
0.187042
0.186994
0.186875
0.186318
0.186215
0.186049
0.186039
0.186012
0.185992
0.185949
0.185884
0.185724
0.185723
0.185684
0.185287
0.185146
0.184993
0.184901
0.184888
0.184856
0.184778
0.18455
0.184533
0.184446
0.184082
0.183976
0.183923
0.183909
0.183898
0.183713
0.183646
0.183638
0.183513
0.183492
0.18348
0.183409
0.183167
0.182885
0.182857
0.182771
0.182739
0.182709
0.182652
0.182336
0.182171
0.18202
0.181947
0.181631
0.18141
0.18127
0.181201
0.181096
0.18088
0.180702
0.180625
0.180126
0.180096
0.179646
0.179227
0.179111
0.179109
0.17886
0.178855
0.178796
0.178763
0.178677
0.178227
0.17812
0.177871
0.177847
0.177707
0.177656
0.177376
0.17735
0.177321
0.177158
0.177088
0.177025
0.176992
0.176599
0.176533
0.17633
0.176299
0.176238
0.175826
0.175814
0.175796
0.175502
0.175411
0.175131
0.175084
0.175074
0.175051
0.174863
0.174778
0.174731
0.174674
0.174619
0.174571
0.174541
0.17423
0.173855
0.173686
0.173585
0.173503
0.17318
0.173113
0.172758
0.172593
0.172576
0.172528
0.172373
0.172295
0.172067
0.171934
0.171897
0.17159
0.17142
0.171354
0.171269
0.171234
0.170971
0.170938
0.170936
0.17069
0.170569
0.170454
0.170417
0.170351
0.170124
0.170103
0.170023
0.169795
0.169784
0.169741
0.169641
0.169237
0.169154
0.169116
0.169083
0.168784
0.168705
0.168432
0.168079
0.167988
0.167954
0.167929
0.167828
0.167595
0.1673
0.167227
0.167227
0.166988
0.166534
0.166476
0.166392
0.166326
0.166311
0.16628
0.166262
0.16626
0.166249
0.166076
0.165532
0.16541
0.165242
0.165101
0.164951
0.164546
0.164389
0.164306
0.164301
0.16425
0.164157
0.16393
0.163813
0.16378
0.163721
0.163693
0.163511
0.163395
0.163362
0.163348
0.163236
0.162873
0.162441
0.162268
0.16226
0.162194
0.162176
0.162049
0.162038
0.161845
0.161754
0.161565
0.161114
0.161067
0.161002
0.16089
0.160876
0.160722
0.160721
0.160605
0.160571
0.160407
0.160336
0.160253
0.160089
0.160054
0.159697
0.15945
0.159252
0.158993
0.158971
0.158868
0.158683
0.15862
0.158544
0.158528
0.158385
0.158302
0.158189
0.158049
0.15797
0.157892
0.157645
0.157404
0.157267
0.157201
0.157197
0.156985
0.156971
0.156932
0.156921
0.156853
0.156771
0.156715
0.156419
0.156315
0.156101
0.15603
0.155942
0.155893
0.155329
0.155253
0.155073
0.155026
0.154795
0.154642
0.154394
0.153889
0.153871
0.153827
0.15381
0.153789
0.153783
0.153525
0.153336
0.152909
0.152822
0.152756
0.152295
0.152079
0.152006
0.151915
0.151834
0.151787
0.151202
0.15119
0.151186
0.15105
0.151046
0.150799
0.150532
0.150384
0.150286
0.150234
0.15018
0.149484
0.149246
0.149202
0.148534
0.148512
0.14841
0.14835
0.148157
0.148064
0.148048
0.147849
0.147816
0.147688
0.147438
0.147396
0.146899
0.146897
0.146851
0.146799
0.146709
0.146568
0.14644
0.146242
0.146186
0.146074
0.145855
0.1458
0.145483
0.14517
0.145041
0.144814
0.144766
0.144597
0.144499
0.144251
0.14419
0.144175
0.143688
0.143614
0.143329
0.143296
0.143203
0.143166
0.143155
0.142924
0.142716
0.142673
0.14266
0.142618
0.142515
0.142076
0.141999
0.141974
0.141891
0.141826
0.141682
0.141613
0.141424
0.141298
0.141163
0.140999
0.140972
0.14056
0.140526
0.140495
0.140399
0.140239
0.139987
0.139655
0.139171
0.139085
0.139021
0.138878
0.138726
0.138586
0.138524
0.13844
0.138243
0.138139
0.137945
0.137839
0.137837
0.137728
0.137385
0.137334
0.13719
0.137165
0.137113
0.136897
0.136829
0.136759
0.136632
0.136575
0.13621
0.136147
0.135915
0.135712
0.135695
0.13569
0.13561
0.135554
0.135553
0.135519
0.134995
0.134993
0.134935
0.13477
0.134733
0.134662
0.13459
0.134452
0.134435
0.134159
0.134117
0.134041
0.134003
0.133984
0.13349
0.132906
0.132663
0.132565
0.132535
0.132213
0.132175
0.131961
0.131489
0.131432
0.130932
0.130614
0.130544
0.13048
0.130459
0.130454
0.130396
0.129824
0.129694
0.129691
0.129682
0.129328
0.128966
0.12892
0.128824
0.128662
0.128531
0.128322
0.12821
0.128129
0.128049
0.127997
0.127965
0.127736
0.127417
0.127278
0.126981
0.126902
0.126847
0.126819
0.126595
0.126439
0.126415
0.126325
0.126162
0.126013
0.126001
0.125961
0.125921
0.125802
0.125342
0.125096
0.125091
0.125
0.124813
0.12472
0.124458
0.124225
0.124154
0.124028
0.123937
0.123828
0.123726
0.123276
0.123169
0.123095
0.122912
0.122835
0.122667
0.122148
0.122148
0.121997
0.121982
0.121963
0.121838
0.121597
0.121404
0.121345
0.121135
0.121133
0.121044
0.12103
0.120803
0.120744
0.120436
0.120402
0.120252
0.120161
0.120114
0.120028
0.119896
0.119321
0.119024
0.119
0.118999
0.118974
0.118949
0.118833
0.118833
0.118786
0.118669
0.118473
0.118239
0.117807
0.117697
0.117615
0.11721
0.117124
0.116947
0.116913
0.116593
0.116378
0.116286
0.116219
0.116202
0.116198
0.116097
0.115924
0.115743
0.115595
0.115592
0.115295
0.115277
0.115247
0.114801
0.114654
0.114474
0.114026
0.113956
0.11378
0.113711
0.113474
0.113401
0.113378
0.113196
0.113098
0.112921
0.11244
0.112418
0.112226
0.11188
0.11187
0.111721
0.111416
0.111179
0.110966
0.110947
0.110827
0.11075
0.1106
0.110548
0.110518
0.110491
0.110175
0.109885
0.109846
0.109778
0.109688
0.109578
0.109572
0.109312
0.108633
0.10863
0.108562
0.108484
0.107881
0.107731
0.107127
0.107068
0.107059
0.106768
0.106593
0.106555
0.106371
0.106294
0.106224
0.106007
0.105971
0.105689
0.105464
0.105416
0.105307
0.104864
0.104474
0.104068
0.104036
0.103839
0.103458
0.103407
0.103374
0.103318
0.102894
0.102682
0.10239
0.102155
0.101733
0.101463
0.101436
0.101155
0.101122
0.101085
0.101027
0.100969
0.100822
0.10042
0.10041
0.100311
0.100261
0.100044
0.0996306
0.0991029
0.0988052
0.0987457
0.098556
0.0982662
0.0982533
0.0980614
0.0976067
0.0975684
0.0975286
0.0975103
0.097482
0.0970835
0.0970117
0.0967582
0.0967289
0.0966625
0.096647
0.0966202
0.09629
0.0962224
0.0953862
0.0950665
0.0949301
0.0945577
0.0945055
0.0944016
0.0943105
0.0941975
0.0941014
0.0940466
0.0935196
0.0932917
0.0928363
0.0927305
0.0922973
0.0922101
0.092205
0.0920901
0.0920522
0.0919621
0.0915244
0.0914988
0.0914833
0.0914237
0.0913537
0.0909571
0.0904819
0.0903298
0.0902465
0.0902358
0.0900808
0.0899276
0.0895205
0.0894468
0.0892743
0.0890116
0.0884673
0.0880772
0.0877905
0.0877807
0.087434
0.0871089
0.0866278
0.0864987
0.0864966
0.0864181
0.0859678
0.0859237
0.0859001
0.0856403
0.0856208
0.0855575
0.0855095
0.0854051
0.0850542
0.0846161
0.0845594
0.0845059
0.0844762
0.0843613
0.0842954
0.0842179
0.084063
0.0840445
0.0839737
0.0839429
0.083829
0.0836911
0.0836119
0.0836038
0.0830623
0.0828705
0.082869
0.0824937
0.0824131
0.0822883
0.082215
0.082048
0.0817161
0.0816264
0.081486
0.0814236
0.0813264
0.0812147
0.0810398
0.0805231
0.0804108
0.0803216
0.0798734
0.0792366
0.079019
0.0789413
0.0787154
0.0786385
0.0784737
0.0781918
0.0772389
0.0771849
0.0770187
0.0769033
0.0768412
0.0766048
0.0765576
0.0760676
0.0758501
0.0757316
0.0755507
0.0755452
0.0752585
0.0747769
0.0746715
0.0745601
0.0744005
0.0737468
0.07338
0.0733046
0.072765
0.0727536
0.0725631
0.0722912
0.0722215
0.0720671
0.0720559
0.0720507
0.072048
0.0717024
0.0716929
0.0716024
0.0715484
0.070628
0.0706026
0.0705149
0.0704791
0.0704363
0.0704047
0.0703032
0.06982
0.0694884
0.0693449
0.0688708
0.0687388
0.0686226
0.0685655
0.0683179
0.0681991
0.0680866
0.068011
0.0678828
0.0675496
0.0675402
0.0672418
0.0670351
0.0670195
0.0660249
0.0659973
0.0655978
0.0654212
0.0650918
0.0650507
0.0647778
0.0647396
0.0645267
0.0638341
0.0638212
0.0636322
0.0636159
0.0635391
0.0634312
0.0631645
0.0627174
0.0626044
0.0623275
0.0623256
0.0622616
0.0621691
0.0617781
0.0614262
0.0613478
0.0607068
0.0605131
0.0604178
0.0602937
0.0600507
0.0598311
0.0592124
0.0589747
0.05876
0.0587526
0.0586488
0.0583146
0.0581696
0.0581464
0.0581346
0.0581291
0.0580156
0.0578853
0.0578667
0.0576938
0.0576181
0.0572568
0.0569032
0.0567881
0.0567784
0.056719
0.0565791
0.0565378
0.0561972
0.0561858
0.0560869
0.0556789
0.0553813
0.0553193
0.0553149
0.0551674
0.0551645
0.0550224
0.0549718
0.0548852
0.0548619
0.0545262
0.0543465
0.054126
0.0538895
0.0535829
0.051244
0.0511739
0.0508625
0.0508427
0.0506825
0.0503762
0.0497861
0.0496948
0.0495892
0.049471
0.0494316
0.0491386
0.0489662
0.0488164
0.0485988
0.0483655
0.0482378
0.0481713
0.0481541
0.0480362
0.0480161
0.0479109
0.0478824
0.0478666
0.0478363
0.047808
0.047134
0.0468507
0.0466678
0.0465866
0.0465554
0.0463051
0.0459827
0.0454797
0.0447295
0.044659
0.0445009
0.0443212
0.0441265
0.0435903
0.0434282
0.0427887
0.0426623
0.0426323
0.0420608
0.0416922
0.0416403
0.0415033
0.0414784
0.0411365
0.041037
0.040683
0.0402019
0.0401377
0.0400577
0.0396892
0.0395177
0.0394861
0.0392575
0.0391988
0.0391833
0.0390643
0.0390217
0.0388681
0.0388527
0.0388004
0.0387755
0.0387481
0.0384733
0.0384203
0.0379488
0.0378189
0.0374318
0.037418
0.0374075
0.037342
0.0373256
0.0372514
0.0366836
0.0365491
0.0363589
0.0360012
0.0358335
0.035481
0.0354721
0.0354074
0.0350671
0.0350504
0.0348597
0.0344693
0.0343071
0.0341305
0.033872
0.0337134
0.0334642
0.0329892
0.0329173
0.0328547
0.0327695
0.0324945
0.0324495
0.0323635
0.0322947
0.0321935
0.0319817
0.0319613
0.0317293
0.0317142
0.0314659
0.0310656
0.0308052
0.0306513
0.0305497
0.0304767
0.0301602
0.0300484
0.0296912
0.0295292
0.0293086
0.0291588
0.0290597
0.0285374
0.0283022
0.0282557
0.0282412
0.0282362
0.028113
0.0275489
0.0273456
0.0273198
0.0272703
0.0271419
0.0268281
0.0268015
0.0267665
0.0266691
0.0266132
0.0264901
0.0264331
0.0263505
0.0262638
0.0262256
0.0253104
0.0250795
0.0250554
0.0249502
0.0249121
0.0248807
0.0247737
0.0245994
0.024513
0.0244303
0.0243162
0.0241734
0.0237949
0.0237847
0.0237746
0.0236391
0.0233841
0.0232594
0.0231925
0.0231749
0.0230618
0.0230114
0.0228959
0.0227794
0.0227464
0.0227275
0.0225917
0.021904
0.0217021
0.0216328
0.0215576
0.0215293
0.0214062
0.0213778
0.0213056
0.0212873
0.0212353
0.0212027
0.020981
0.0209261
0.020844
0.020783
0.0207145
0.0206884
0.0202038
0.019569
0.0194593
0.0194068
0.0193706
0.0190557
0.0190453
0.0189052
0.0186831
0.0186012
0.0182915
0.0182233
0.0178924
0.0178876
0.017545
0.0172094
0.0170295
0.0169345
0.0169187
0.0169098
0.0165404
0.0163294
0.015668
0.0154663
0.0154642
0.015446
0.0154222
0.0151702
0.0151229
0.0151052
0.0150558
0.0150431
0.0148443
0.01475
0.0145304
0.0143383
0.0140443
0.0140215
0.013941
0.0135526
0.0131595
0.0131578
0.0129773
0.0129328
0.0126474
0.0126456
0.0125011
0.0123
0.0121917
0.0118646
0.0106028
0.0104303
0.0101459
0.00985594
0.00952464
0.00945865
0.00944609
0.00936474
0.0089585
0.0087561
0.00857266
0.00835779
0.00796985
0.00748644
0.0074483
0.0069825
0.0068181
0.00622448
0.00619444
0.00598883
0.00544891
0.00539542
0.00535594
0.00529686
0.00513074
0.00501739
0.00462653
0.00452414
0.00449927
0.00432881
0.00401612
0.00394349
0.0039419
0.00375202
0.00372033
0.00343284
0.00311848
0.00291793
0.00252315
0.00245849
0.00243144
0.00238142
0.00210374
0.00169042
0.00130084
0.000914073
0.000531206
0.000467104
0.000436646
0.000324997
5.16404e-05
